5000 10000
1 243
1 4374
2 2543
2 3073
3 4005
3 4189
4 138
4 2686
5 1343
5 2787
6 693
6 3583
7 988
7 3202
8 2601
8 2843
9 1564
9 2163
10 1392
10 3923
11 1624
11 2147
12 1369
12 1922
13 1544
13 4394
14 1747
14 4022
15 50
15 2364
16 1640
16 3846
17 4391
17 4686
18 1621
18 3548
19 571
19 1956
20 130
20 1850
21 1505
21 2024
22 2720
22 2772
23 2515
23 4092
24 433
24 2236
25 1123
25 4901
26 2390
26 2905
27 616
27 4057
28 3359
28 3865
29 1864
29 2731
30 3970
30 4482
31 102
31 3464
32 3733
32 4058
33 3616
33 3832
34 898
34 3458
35 624
35 1198
36 1197
36 4393
37 744
37 3877
38 2815
38 4747
39 1926
39 2266
40 1978
40 2523
41 2487
41 3994
42 1590
42 4784
43 164
43 489
44 830
44 898
45 2015
45 4979
46 2540
46 4336
47 1502
47 3629
48 1686
48 3202
49 251
49 3480
50 1816
50 4023
51 2984
51 4171
52 1124
52 1132
53 3193
53 3632
54 2110
54 2930
55 203
55 2679
56 3707
56 4512
57 2066
57 3948
58 1998
58 4547
59 277
59 1782
60 225
60 2766
61 413
61 4408
62 828
62 3235
63 3002
63 4865
64 2613
64 3128
65 40
65 1706
66 1557
66 4996
67 618
67 923
68 1752
68 4611
69 1814
69 3011
70 115
70 3615
71 992
71 1901
72 893
72 3797
73 2177
73 2370
74 2826
74 3767
75 1180
75 4818
76 1291
76 2632
77 425
77 4410
78 781
78 2212
79 4086
79 4719
80 4344
80 4446
81 2122
81 3034
82 2099
82 2979
83 95
83 107
84 1861
84 3336
85 4312
85 4650
86 1490
86 1606
87 953
87 2607
88 4454
88 4737
89 2155
89 3308
90 3820
90 4775
91 344
91 4084
92 412
92 3049
93 1603
93 4101
94 228
94 1664
95 404
95 2173
96 2757
96 4626
97 800
97 3809
98 1107
98 4131
99 1503
99 4973
100 2169
100 2263
101 690
101 3930
102 2762
102 3763
103 3302
103 4390
104 549
104 583
105 3138
105 3401
106 1520
106 3742
107 755
107 4281
108 928
108 3531
109 3359
109 3944
110 2483
110 4440
111 202
111 4048
112 232
112 269
113 189
113 4360
114 2018
114 3698
115 564
115 1842
116 444
116 1751
117 1535
117 3969
118 1311
118 3947
119 3194
119 4452
120 649
120 3063
121 1762
121 2313
122 222
122 1969
123 422
123 4043
124 4801
124 4906
125 1656
125 2924
126 1317
126 4789
127 626
127 948
128 1485
128 4308
129 609
129 2132
130 672
130 4750
131 2904
131 3168
132 99
132 4187
133 1938
133 3998
134 3421
134 3848
135 1107
135 3757
136 479
136 2080
137 348
137 3252
138 2909
138 4067
139 295
139 3859
140 1279
140 4671
141 3594
141 4182
142 1236
142 3257
143 2776
143 3199
144 2141
144 4105
145 1501
145 4136
146 1779
146 2963
147 969
147 4456
148 506
148 889
149 1465
149 3545
150 2144
150 3021
151 3796
151 3807
152 205
152 2902
153 419
153 1697
154 1007
154 1148
155 276
155 3234
156 341
156 4349
157 2140
157 4036
158 1421
158 2777
159 641
159 856
160 1460
160 2017
161 4725
161 4890
162 2378
162 3547
163 2258
163 3433
164 4285
164 4761
165 4056
165 4903
166 1337
166 3888
167 1802
167 3010
168 1866
168 2392
169 1353
169 4422
170 607
170 2890
171 999
171 1211
172 3587
172 4821
173 2595
173 3381
174 59
174 4185
175 749
175 4096
176 2716
176 4065
177 839
177 1794
178 1682
178 4195
179 2875
179 3735
180 744
180 4532
181 3033
181 3418
182 1898
182 3738
183 1233
183 4569
184 1772
184 2577
185 1463
185 2061
186 1803
186 3965
187 536
187 2306
188 2698
188 3967
189 3927
189 4511
190 200
190 2255
191 706
191 3659
192 652
192 1344
193 677
193 2506
194 1687
194 3807
195 395
195 2991
196 1684
196 1851
197 3614
197 3916
198 2723
198 3654
199 1995
199 4023
200 3102
200 4580
201 879
201 1296
202 3479
202 3791
203 3598
203 4698
204 3269
204 4358
205 119
205 1325
206 1571
206 2175
207 1486
207 2401
208 860
208 4114
209 2031
209 2994
210 1363
210 3205
211 1136
211 3055
212 3120
212 4694
213 1143
213 4570
214 3029
214 3558
215 1542
215 2270
216 188
216 4052
217 3837
217 4102
218 2504
218 4233
219 2020
219 2946
220 1399
220 3227
221 911
221 2819
222 3044
222 4781
223 610
223 3572
224 2220
224 4497
225 4654
225 4877
226 3113
226 3368
227 3942
227 4964
228 1715
228 2192
229 601
229 3547
230 3508
230 3966
231 1683
231 4903
232 376
232 616
233 329
233 2292
234 771
234 2787
235 4145
235 4296
236 4026
236 4691
237 1027
237 3803
238 2177
238 2973
239 1270
239 4973
240 1744
240 2235
241 4401
241 4498
242 3033
242 4635
243 300
243 1820
244 369
244 1824
245 3717
245 4866
246 420
246 1870
247 69
247 3776
248 2817
248 2845
249 2068
249 2724
250 36
250 4671
251 247
251 378
252 3064
252 4711
253 336
253 4743
254 1981
254 3568
255 411
255 2528
256 2371
256 4339
257 93
257 4876
258 183
258 3227
259 614
259 1268
260 1301
260 3904
261 1854
261 2483
262 4506
262 4554
263 3340
263 3372
264 1746
264 2735
265 518
265 2971
266 1105
266 4782
267 1686
267 3263
268 2449
268 2635
269 364
269 4524
270 705
270 4249
271 3989
271 4911
272 3231
272 3419
273 2392
273 4011
274 3019
274 4421
275 332
275 4697
276 2067
276 2916
277 959
277 2456
278 2515
278 4912
279 307
279 1084
280 1224
280 4679
281 875
281 2808
282 1260
282 1434
283 2846
283 4902
284 784
284 2771
285 3617
285 4584
286 305
286 3358
287 509
287 3750
288 1404
288 3539
289 3682
289 4481
290 787
290 4630
291 3317
291 3853
292 587
292 3988
293 2611
293 2891
294 2240
294 4950
295 891
295 1537
296 829
296 2545
297 334
297 3532
298 1548
298 3486
299 3312
299 4209
300 164
300 1048
301 597
301 4257
302 2428
302 3620
303 2739
303 4812
304 4061
304 4389
305 1083
305 5000
306 500
306 4049
307 2002
307 4688
308 275
308 1102
309 2381
309 2717
310 473
310 682
311 204
311 4596
312 858
312 4018
313 1006
313 2462
314 2931
314 2960
315 908
315 2974
316 3758
316 3857
317 1615
317 4788
318 794
318 1391
319 1235
319 4966
320 1962
320 2307
321 3006
321 3187
322 508
322 2210
323 342
323 3971
324 3408
324 3438
325 4193
325 4515
326 1804
326 2356
327 1937
327 3984
328 730
328 2893
329 883
329 2714
330 2132
330 3153
331 3441
331 4544
332 1581
332 1845
333 3671
333 4529
334 1547
334 2102
335 3485
335 4300
336 3246
336 4188
337 1668
337 3861
338 1880
338 3927
339 2693
339 4614
340 3281
340 3654
341 1153
341 2681
342 1915
342 4062
343 631
343 1094
344 190
344 653
345 476
345 4347
346 2195
346 2260
347 498
347 4545
348 1853
348 4161
349 1858
349 2741
350 3826
350 4352
351 704
351 2159
352 2988
352 2995
353 615
353 2862
354 1187
354 1844
355 1001
355 2594
356 1300
356 2884
357 466
357 4351
358 2922
358 2997
359 322
359 4598
360 3878
360 4640
361 348
361 867
362 866
362 2603
363 3415
363 3744
364 383
364 1290
365 534
365 3355
366 701
366 1199
367 291
367 1738
368 490
368 4999
369 27
369 1609
370 4371
370 4842
371 319
371 2643
372 1213
372 1865
373 2581
373 4321
374 2797
374 2914
375 3590
375 4238
376 2400
376 2921
377 1563
377 4157
378 515
378 1489
379 379
379 3283
380 389
380 2219
381 2422
381 3819
382 1720
382 2542
383 2559
383 4848
384 681
384 4755
385 1258
385 1715
386 2051
386 2347
387 2584
387 3198
388 548
388 2453
389 2998
389 3219
390 1759
390 4558
391 3082
391 4659
392 622
392 2210
393 1289
393 3201
394 3132
394 3268
395 1134
395 4931
396 995
396 1806
397 2914
397 2957
398 2631
398 4702
399 89
399 930
400 1873
400 3904
401 4675
401 4928
402 591
402 2853
403 3336
403 4972
404 2215
404 3820
405 1405
405 3035
406 3129
406 3236
407 384
407 2203
408 1848
408 3897
409 261
409 540
410 100
410 4526
411 600
411 672
412 811
412 3163
413 3473
413 3578
414 1035
414 3573
415 2361
415 4416
416 343
416 4748
417 1027
417 1477
418 1335
418 3278
419 3965
419 4177
420 1919
420 4320
421 2522
421 2822
422 219
422 1374
423 1070
423 1936
424 2733
424 4473
425 987
425 3472
426 2327
426 2460
427 1193
427 4880
428 686
428 1433
429 111
429 813
430 279
430 3258
431 2822
431 3718
432 3243
432 3530
433 1212
433 1676
434 1638
434 4935
435 4062
435 4690
436 752
436 2334
437 4442
437 4502
438 783
438 3558
439 711
439 1158
440 750
440 4134
441 3611
441 4156
442 310
442 2768
443 3994
443 4069
444 3050
444 4887
445 2125
445 2626
446 1358
446 4766
447 79
447 1442
448 355
448 2486
449 2986
449 3834
450 1282
450 3386
451 180
451 3789
452 2664
452 3293
453 2063
453 4366
454 1045
454 2828
455 1735
455 2006
456 64
456 2667
457 778
457 3089
458 1160
458 2761
459 161
459 2516
460 1365
460 2609
461 1058
461 3016
462 2034
462 2618
463 4273
463 4994
464 641
464 766
465 3844
465 4110
466 780
466 4734
467 892
467 3996
468 34
468 2179
469 770
469 1975
470 492
470 1165
471 534
471 1807
472 421
472 4424
473 1465
473 4155
474 915
474 1244
475 3193
475 4119
476 2989
476 4271
477 2619
477 4242
478 3240
478 3636
479 2040
479 3057
480 1752
480 2285
481 1152
481 4536
482 3020
482 4008
483 2418
483 4692
484 2174
484 4462
485 71
485 4621
486 3118
486 4802
487 1383
487 4223
488 1200
488 3195
489 508
489 3077
490 2690
490 2705
491 1262
491 1755
492 3378
492 3728
493 1141
493 1911
494 1624
494 3827
495 1025
495 4937
496 4773
496 4827
497 1214
497 4406
498 307
498 2750
499 460
499 637
500 1101
500 4950
501 2663
501 4111
502 2949
502 4559
503 4051
503 4150
504 909
504 2100
505 2767
505 3125
506 1643
506 2672
507 636
507 4409
508 359
508 3880
509 1786
509 3397
510 724
510 3140
511 2131
511 2832
512 201
512 4873
513 347
513 1872
514 1604
514 4823
515 876
515 3148
516 1895
516 2530
517 688
517 4596
518 155
518 1481
519 1206
519 3515
520 658
520 2976
521 3723
521 3979
522 1522
522 3209
523 139
523 2583
524 1360
524 2827
525 4393
525 4778
526 651
526 1425
527 2124
527 2277
528 3641
528 4418
529 36
529 3269
530 1188
530 3084
531 1590
531 3385
532 2328
532 4357
533 1593
533 1827
534 353
534 3554
535 2668
535 4864
536 4715
536 4754
537 580
537 3701
538 408
538 2288
539 820
539 2653
540 634
540 855
541 3831
541 4490
542 951
542 1908
543 536
543 1714
544 1382
544 3213
545 503
545 4063
546 2289
546 4492
547 2860
547 4141
548 1458
548 4008
549 3129
549 3329
550 3095
550 4043
551 2928
551 3584
552 1336
552 3951
553 5
553 3249
554 2638
554 4211
555 570
555 2898
556 1597
556 2133
557 105
557 1955
558 331
558 2360
559 567
559 1923
560 409
560 719
561 802
561 1608
562 3440
562 4081
563 119
563 4308
564 360
564 3584
565 2805
565 4002
566 1691
566 3154
567 4093
567 4620
568 1239
568 3351
569 1381
569 2890
570 3529
570 3569
571 803
571 3542
572 2647
572 2896
573 709
573 4622
574 1812
574 2212
575 1933
575 4406
576 2666
576 3717
577 497
577 1494
578 436
578 4014
579 208
579 1168
580 793
580 902
581 2155
581 4669
582 4130
582 4412
583 1322
583 3567
584 1525
584 2853
585 1737
585 4452
586 1614
586 4976
587 2418
587 3689
588 4066
588 4646
589 1116
589 4031
590 3477
590 4080
591 203
591 3062
592 1193
592 1264
593 3544
593 4225
594 2235
594 4002
595 2101
595 2336
596 1854
596 4857
597 1722
597 4758
598 1272
598 2379
599 1232
599 4560
600 1789
600 3383
601 4078
601 4525
602 148
602 1754
603 465
603 1410
604 214
604 3434
605 621
605 2379
606 1796
606 3771
607 1017
607 2015
608 1386
608 3941
609 497
609 3998
610 1323
610 2316
611 13
611 2457
612 2649
612 4566
613 1561
613 4846
614 240
614 396
615 791
615 4877
616 4629
616 4727
617 312
617 1023
618 3894
618 4573
619 1860
619 3223
620 2630
620 4958
621 3007
621 4050
622 445
622 1149
623 559
623 921
624 606
624 2489
625 3619
625 4932
626 961
626 2823
627 1044
627 1201
628 446
628 851
629 906
629 4843
630 3715
630 4764
631 2717
631 3080
632 1344
632 3225
633 1550
633 2046
634 205
634 4775
635 852
635 1914
636 771
636 2749
637 1114
637 4704
638 3085
638 3969
639 1345
639 4364
640 958
640 2456
641 1173
641 1931
642 3335
642 3867
643 2921
643 4061
644 3284
644 3519
645 947
645 4312
646 2824
646 2834
647 1479
647 2349
648 314
648 3463
649 3932
649 4607
650 1351
650 3167
651 2497
651 3300
652 2864
652 4015
653 2231
653 4437
654 107
654 594
655 577
655 4247
656 481
656 3983
657 878
657 2481
658 4712
658 4958
659 35
659 399
660 176
660 3653
661 141
661 4571
662 3178
662 4632
663 3270
663 4841
664 464
664 1171
665 568
665 1846
666 28
666 2064
667 116
667 4478
668 2889
668 4738
669 1040
669 4107
670 605
670 3133
671 1069
671 4765
672 850
672 4529
673 38
673 3840
674 1611
674 1734
675 649
675 1902
676 4585
676 4988
677 657
677 1844
678 2099
678 4652
679 3492
679 4053
680 1422
680 1904
681 1439
681 3045
682 725
682 2025
683 871
683 4695
684 397
684 3467
685 436
685 3452
686 98
686 4304
687 2617
687 4475
688 2703
688 4434
689 795
689 3533
690 1273
690 2788
691 994
691 4228
692 1079
692 1916
693 1307
693 2314
694 152
694 2325
695 1584
695 1813
696 3116
696 3353
697 2905
697 4721
698 2345
698 4304
699 3215
699 4205
700 1631
700 2188
701 1308
701 4660
702 2
702 2775
703 4351
703 4860
704 3379
704 4603
705 2937
705 4974
706 849
706 1727
707 1099
707 2679
708 3121
708 4328
709 2113
709 3892
710 1378
710 4799
711 1310
711 2071
712 150
712 1536
713 915
713 2342
714 779
714 2555
715 2339
715 3977
716 2814
716 4789
717 1376
717 4845
718 2737
718 2916
719 1109
719 2169
720 1186
720 4918
721 1482
721 2142
722 453
722 3780
723 1999
723 2955
724 3519
724 4825
725 1936
725 4768
726 938
726 2485
727 788
727 2332
728 1314
728 2002
729 229
729 4573
730 726
730 4305
731 3214
731 3931
732 4069
732 4254
733 1594
733 3570
734 1901
734 4774
735 947
735 2416
736 1072
736 4101
737 3918
737 4431
738 2017
738 4045
739 3955
739 3973
740 924
740 2038
741 235
741 1206
742 1087
742 1800
743 487
743 2223
744 166
744 2939
745 2535
745 4275
746 4487
746 4860
747 542
747 1461
748 1209
748 1654
749 3239
749 3506
750 3580
750 4957
751 685
751 4553
752 1496
752 1849
753 2585
753 3714
754 2809
754 3980
755 2749
755 3144
756 1075
756 2191
757 2669
757 4568
758 1197
758 2689
759 4037
759 4749
760 31
760 448
761 3375
761 4909
762 1474
762 1852
763 978
763 4998
764 876
764 2257
765 1039
765 1113
766 831
766 3854
767 1835
767 2700
768 2240
768 3499
769 886
769 2218
770 2475
770 3527
771 1837
771 2297
772 1060
772 1902
773 942
773 4497
774 8
774 751
775 1584
775 2349
776 2663
776 2779
777 1080
777 3098
778 2282
778 3633
779 477
779 2095
780 1396
780 3076
781 4246
781 4375
782 2064
782 3143
783 1219
783 4939
784 3455
784 3611
785 2796
785 2887
786 391
786 2965
787 2062
787 4060
788 3166
788 4054
789 2516
789 2621
790 1521
790 3393
791 4439
791 4697
792 3
792 4007
793 1492
793 2347
794 3134
794 4123
795 258
795 3657
796 841
796 1244
797 2397
797 3012
798 2659
798 4090
799 1918
799 2552
800 1711
800 4564
801 3564
801 4533
802 2801
802 4854
803 73
803 4089
804 171
804 2587
805 4239
805 4555
806 887
806 3765
807 1785
807 2478
808 1327
808 2127
809 1421
809 1678
810 2554
810 2943
811 1278
811 1558
812 3176
812 3727
813 1647
813 1975
814 125
814 4147
815 2473
815 2751
816 477
816 3184
817 1062
817 3509
818 2312
818 2604
819 3646
819 3797
820 3173
820 4329
821 2732
821 3545
822 3710
822 4420
823 1119
823 1958
824 153
824 2939
825 3219
825 3648
826 687
826 2366
827 291
827 954
828 2888
828 3659
829 1701
829 4625
830 2531
830 3633
831 2284
831 3560
832 76
832 3360
833 227
833 2807
834 1067
834 3733
835 1917
835 3068
836 320
836 3426
837 1770
837 2088
838 2320
838 4496
839 1651
839 2884
840 212
840 2154
841 481
841 3362
842 79
842 4249
843 1645
843 3503
844 932
844 2530
845 1011
845 2372
846 2791
846 3688
847 756
847 3380
848 2512
848 2953
849 1308
849 2627
850 628
850 3241
851 2426
851 4284
852 857
852 1428
853 586
853 3188
854 1019
854 1046
855 357
855 2959
856 7
856 292
857 141
857 3154
858 1562
858 4307
859 440
859 1747
860 428
860 3590
861 272
861 1164
862 3102
862 4930
863 2083
863 2129
864 3347
864 4987
865 4592
865 4869
866 77
866 113
867 1136
867 2640
868 1016
868 3585
869 151
869 2185
870 3453
870 4779
871 193
871 4446
872 3125
872 3435
873 111
873 285
874 2513
874 2566
875 29
875 1604
876 1483
876 1941
877 1420
877 3038
878 598
878 3699
879 2008
879 3940
880 644
880 1230
881 233
881 1038
882 1295
882 2342
883 1768
883 2018
884 769
884 2692
885 1179
885 3181
886 2529
886 3606
887 3778
887 4046
888 2271
888 2315
889 2565
889 4813
890 2027
890 4191
891 2876
891 3961
892 2961
892 4458
893 3356
893 3719
894 1533
894 3098
895 4
895 3054
896 1625
896 2126
897 618
897 3992
898 40
898 70
899 2522
899 3299
900 21
900 3989
901 2066
901 4744
902 1175
902 3369
903 586
903 3727
904 995
904 4656
905 6
905 4645
906 4227
906 4828
907 172
907 4710
908 1607
908 2955
909 2806
909 3742
910 469
910 1582
911 758
911 2862
912 30
912 2251
913 970
913 1822
914 566
914 3324
915 837
915 1927
916 94
916 2060
917 2752
917 3631
918 803
918 1145
919 4112
919 4731
920 149
920 3322
921 1020
921 4689
922 696
922 3604
923 335
923 523
924 656
924 4231
925 731
925 1694
926 3849
926 4154
927 4241
927 4436
928 3528
928 4859
929 1463
929 4294
930 1057
930 3118
931 262
931 864
932 1764
932 3593
933 682
933 1443
934 1954
934 3741
935 73
935 4610
936 1185
936 3351
937 924
937 2333
938 214
938 2730
939 1190
939 1813
940 374
940 471
941 1716
941 3871
942 4508
942 4798
943 250
943 2173
944 1306
944 2056
945 547
945 1034
946 2377
946 4617
947 1579
947 3963
948 1115
948 3217
949 2013
949 4786
950 3056
950 4020
951 2294
951 3884
952 2878
952 4963
953 1123
953 4587
954 363
954 1892
955 2053
955 3434
956 3639
956 4590
957 2602
957 4690
958 1662
958 4383
959 260
959 1349
960 1392
960 4809
961 1292
961 1598
962 1436
962 2658
963 3833
963 4905
964 2509
964 3490
965 3928
965 4836
966 2588
966 3627
967 3587
967 4720
968 2258
968 4299
969 414
969 977
970 38
970 167
971 833
971 4855
972 1251
972 3822
973 2570
973 4438
974 920
974 4053
975 191
975 2443
976 3661
976 4422
977 463
977 2585
978 815
978 2510
979 124
979 816
980 4208
980 4856
981 1431
981 4072
982 1089
982 4504
983 93
983 2007
984 537
984 865
985 1095
985 1976
986 2165
986 3213
987 1303
987 3683
988 1488
988 1799
989 325
989 972
990 146
990 1985
991 4435
991 4895
992 945
992 3214
993 1551
993 2203
994 3743
994 4523
995 1331
995 2396
996 1284
996 1310
997 2268
997 3668
998 880
998 3279
999 1349
999 3271
1000 1520
1000 2109
1001 3640
1001 4718
1002 1575
1002 4850
1003 3175
1003 4949
1004 1359
1004 1859
1005 4594
1005 4657
1006 2219
1006 4803
1007 3414
1007 4378
1008 1184
1008 3911
1009 888
1009 1165
1010 2319
1010 2776
1011 49
1011 3470
1012 1416
1012 2804
1013 1351
1013 1697
1014 1424
1014 1999
1015 2901
1015 4126
1016 258
1016 994
1017 739
1017 3374
1018 4409
1018 4511
1019 1294
1019 2280
1020 2998
1020 3246
1021 3879
1021 4959
1022 121
1022 455
1023 4911
1023 4962
1024 450
1024 2476
1025 2593
1025 4871
1026 1358
1026 1586
1027 1997
1027 3891
1028 655
1028 4348
1029 3649
1029 3938
1030 1986
1030 4445
1031 3293
1031 4447
1032 187
1032 282
1033 2098
1033 4732
1034 110
1034 2228
1035 3348
1035 4767
1036 3982
1036 4593
1037 1658
1037 2448
1038 253
1038 3772
1039 2912
1039 3655
1040 3501
1040 4943
1041 4231
1041 4358
1042 1950
1042 2836
1043 2110
1043 3208
1044 1146
1044 3070
1045 774
1045 2224
1046 777
1046 1461
1047 849
1047 2586
1048 1875
1048 3822
1049 1516
1049 2580
1050 3900
1050 4458
1051 130
1051 4938
1052 604
1052 2895
1053 1277
1053 4919
1054 245
1054 554
1055 2729
1055 2985
1056 1002
1056 2438
1057 333
1057 1021
1058 825
1058 4465
1059 958
1059 981
1060 668
1060 3349
1061 1125
1061 2450
1062 783
1062 4687
1063 978
1063 3692
1064 2738
1064 3450
1065 2885
1065 4331
1066 2299
1066 3485
1067 1167
1067 3115
1068 950
1068 1372
1069 1636
1069 2216
1070 727
1070 3009
1071 1142
1071 3164
1072 2378
1072 4802
1073 2031
1073 2114
1074 4050
1074 4457
1075 3830
1075 4116
1076 1346
1076 2304
1077 2185
1077 3876
1078 1587
1078 3178
1079 2401
1079 3325
1080 2820
1080 4978
1081 881
1081 1705
1082 2023
1082 2398
1083 832
1083 2414
1084 360
1084 934
1085 3607
1085 3725
1086 1645
1086 3821
1087 1642
1087 4464
1088 597
1088 3312
1089 3249
1089 3608
1090 640
1090 4853
1091 3079
1091 3834
1092 2043
1092 2777
1093 1468
1093 2763
1094 630
1094 1475
1095 3770
1095 3920
1096 615
1096 3300
1097 85
1097 996
1098 2486
1098 2874
1099 56
1099 1061
1100 1825
1100 2137
1101 2190
1101 2685
1102 3141
1102 3660
1103 52
1103 103
1104 1195
1104 2917
1105 1378
1105 4686
1106 2888
1106 2907
1107 1261
1107 2758
1108 3417
1108 3423
1109 967
1109 3018
1110 482
1110 4179
1111 1445
1111 4229
1112 591
1112 2225
1113 2877
1113 3100
1114 499
1114 3258
1115 2656
1115 3261
1116 746
1116 1979
1117 1095
1117 2915
1118 407
1118 3777
1119 3507
1119 4454
1120 1324
1120 4204
1121 1170
1121 3816
1122 1533
1122 3749
1123 156
1123 1826
1124 633
1124 4175
1125 3094
1125 3566
1126 96
1126 1948
1127 1944
1127 2503
1128 1192
1128 3967
1129 2209
1129 3127
1130 759
1130 3705
1131 423
1131 3540
1132 1627
1132 2655
1133 3830
1133 4046
1134 510
1134 1455
1135 1530
1135 3470
1136 1467
1136 3762
1137 3406
1137 3580
1138 1506
1138 3520
1139 4471
1139 4678
1140 1987
1140 4790
1141 3257
1141 4501
1142 3282
1142 4037
1143 182
1143 4581
1144 129
1144 896
1145 261
1145 3670
1146 3726
1146 4278
1147 220
1147 664
1148 1794
1148 3563
1149 2902
1149 4512
1150 3385
1150 3917
1151 1990
1151 2419
1152 1032
1152 2983
1153 266
1153 1680
1154 1338
1154 2249
1155 650
1155 1269
1156 1459
1156 2499
1157 3073
1157 4109
1158 145
1158 1388
1159 966
1159 3614
1160 233
1160 3474
1161 2014
1161 2120
1162 484
1162 3999
1163 2771
1163 4674
1164 1817
1164 3341
1165 439
1165 4605
1166 2406
1166 3287
1167 217
1167 2501
1168 635
1168 1459
1169 2791
1169 4021
1170 142
1170 2147
1171 512
1171 3296
1172 4166
1172 4978
1173 2722
1173 4055
1174 1008
1174 1822
1175 700
1175 3093
1176 2562
1176 2786
1177 808
1177 4306
1178 1106
1178 4733
1179 1512
1179 2445
1180 3255
1180 4549
1181 431
1181 3492
1182 2828
1182 3326
1183 1909
1183 4310
1184 1033
1184 4123
1185 626
1185 4840
1186 101
1186 3872
1187 1574
1187 1873
1188 4140
1188 4834
1189 1554
1189 1739
1190 1694
1190 3369
1191 766
1191 2234
1192 362
1192 1591
1193 1030
1193 2599
1194 3222
1194 4831
1195 2703
1195 4719
1196 1607
1196 2954
1197 1015
1197 1763
1198 1586
1198 3370
1199 622
1199 1309
1200 731
1200 4722
1201 2325
1201 2941
1202 544
1202 2774
1203 3364
1203 4202
1204 946
1204 1850
1205 1001
1205 4677
1206 759
1206 3135
1207 1051
1207 4840
1208 1568
1208 2450
1209 2221
1209 2497
1210 321
1210 4293
1211 1839
1211 2119
1212 2130
1212 4774
1213 890
1213 3198
1214 2050
1214 2792
1215 1765
1215 2825
1216 859
1216 3706
1217 1217
1217 2755
1218 2180
1218 2644
1219 643
1219 2045
1220 1029
1220 3842
1221 70
1221 868
1222 3787
1222 4541
1223 2101
1223 3008
1224 1760
1224 3852
1225 1945
1225 2670
1226 3005
1226 3420
1227 1869
1227 4746
1228 732
1228 2688
1229 3407
1229 3430
1230 4227
1230 4652
1231 909
1231 1916
1232 1104
1232 2932
1233 4014
1233 4217
1234 816
1234 2395
1235 806
1235 2715
1236 753
1236 1650
1237 2292
1237 3566
1238 3512
1238 4488
1239 1876
1239 2437
1240 2660
1240 2834
1241 166
1241 2353
1242 2340
1242 2344
1243 4451
1243 4692
1244 2534
1244 3658
1245 729
1245 4414
1246 3384
1246 3562
1247 2709
1247 4567
1248 608
1248 3463
1249 1318
1249 4597
1250 97
1250 2662
1251 1267
1251 4279
1252 1283
1252 2454
1253 2197
1253 2727
1254 42
1254 3804
1255 4214
1255 4727
1256 1942
1256 2798
1257 2050
1257 2150
1258 4491
1258 4776
1259 2505
1259 3289
1260 2364
1260 3185
1261 1728
1261 2612
1262 2216
1262 3086
1263 521
1263 2762
1264 2802
1264 4429
1265 1269
1265 4528
1266 2829
1266 4148
1267 549
1267 2598
1268 724
1268 3936
1269 4179
1269 4283
1270 2093
1270 4663
1271 1595
1271 4756
1272 3186
1272 3542
1273 134
1273 3431
1274 576
1274 2622
1275 103
1275 3067
1276 791
1276 1857
1277 474
1277 3623
1278 873
1278 1746
1279 2479
1279 3835
1280 2351
1280 2977
1281 937
1281 2779
1282 989
1282 4261
1283 1787
1283 3978
1284 1090
1284 3146
1285 82
1285 943
1286 1979
1286 4292
1287 281
1287 1394
1288 3096
1288 4912
1289 3180
1289 4667
1290 1024
1290 4343
1291 380
1291 2311
1292 2582
1292 3039
1293 1832
1293 3040
1294 2095
1294 2627
1295 2118
1295 2647
1296 280
1296 3838
1297 971
1297 2549
1298 66
1298 4075
1299 2879
1299 4787
1300 1250
1300 4311
1301 3342
1301 4285
1302 1930
1302 3870
1303 1091
1303 1838
1304 1130
1304 4865
1305 3772
1305 4088
1306 535
1306 4444
1307 2806
1307 4160
1308 2409
1308 2845
1309 942
1309 4850
1310 3400
1310 3643
1311 2344
1311 2658
1312 1058
1312 1441
1313 158
1313 1084
1314 114
1314 3755
1315 355
1315 3679
1316 3647
1316 4267
1317 1925
1317 3488
1318 764
1318 837
1319 793
1319 2070
1320 3812
1320 4313
1321 1437
1321 3329
1322 3596
1322 4430
1323 1611
1323 3901
1324 198
1324 327
1325 186
1325 1321
1326 1878
1326 3328
1327 3438
1327 4809
1328 905
1328 1630
1329 3042
1329 3177
1330 1038
1330 2092
1331 471
1331 4503
1332 1428
1332 3457
1333 4398
1333 4785
1334 741
1334 1863
1335 2819
1335 3155
1336 340
1336 2868
1337 3283
1337 3482
1338 692
1338 1766
1339 106
1339 4489
1340 1792
1340 2520
1341 1093
1341 2624
1342 259
1342 2043
1343 2115
1343 3311
1344 885
1344 1041
1345 770
1345 2488
1346 1220
1346 1415
1347 1086
1347 3609
1348 2438
1348 3736
1349 2615
1349 4582
1350 366
1350 3902
1351 2385
1351 3228
1352 2481
1352 2499
1353 27
1353 4889
1354 212
1354 4247
1355 113
1355 3697
1356 861
1356 2496
1357 764
1357 2048
1358 859
1358 2391
1359 3398
1359 4094
1360 1336
1360 3785
1361 715
1361 3328
1362 541
1362 2579
1363 1989
1363 2891
1364 1571
1364 1863
1365 354
1365 472
1366 3952
1366 4967
1367 2632
1367 3981
1368 75
1368 89
1369 2881
1369 4000
1370 2533
1370 4591
1371 381
1371 4989
1372 3923
1372 4295
1373 116
1373 1134
1374 1469
1374 3341
1375 1535
1375 2013
1376 2952
1376 3501
1377 1727
1377 4902
1378 3366
1378 3950
1379 2744
1379 3376
1380 737
1380 2375
1381 402
1381 3905
1382 808
1382 3505
1383 2020
1383 2472
1384 1229
1384 3775
1385 663
1385 1996
1386 172
1386 403
1387 3483
1387 3626
1388 302
1388 2760
1389 2602
1389 4747
1390 660
1390 4034
1391 846
1391 2961
1392 1730
1392 4915
1393 708
1393 2208
1394 655
1394 4216
1395 681
1395 3601
1396 935
1396 4737
1397 1322
1397 3037
1398 1005
1398 4542
1399 487
1399 4334
1400 2430
1400 4791
1401 1120
1401 3996
1402 1130
1402 4586
1403 3230
1403 4197
1404 3579
1404 4378
1405 305
1405 607
1406 2512
1406 4780
1407 2785
1407 3704
1408 3317
1408 3987
1409 1685
1409 3159
1410 632
1410 1214
1411 2825
1411 4314
1412 3059
1412 4668
1413 680
1413 1180
1414 427
1414 4254
1415 1639
1415 1795
1416 613
1416 3072
1417 3638
1417 3708
1418 2463
1418 2676
1419 279
1419 3933
1420 4657
1420 4879
1421 437
1421 4937
1422 339
1422 1090
1423 1005
1423 3960
1424 899
1424 3602
1425 3231
1425 4479
1426 1887
1426 2435
1427 888
1427 4614
1428 1656
1428 4072
1429 14
1429 3015
1430 4100
1430 4355
1431 4478
1431 4577
1432 243
1432 2444
1433 2993
1433 4769
1434 1306
1434 1637
1435 699
1435 3903
1436 309
1436 2538
1437 661
1437 1862
1438 1389
1438 4006
1439 290
1439 707
1440 123
1440 4184
1441 1231
1441 3009
1442 192
1442 3047
1443 836
1443 2849
1444 676
1444 3423
1445 231
1445 2463
1446 2769
1446 3437
1447 152
1447 2261
1448 517
1448 1660
1449 636
1449 4250
1450 1137
1450 2237
1451 623
1451 4838
1452 1251
1452 1725
1453 1246
1453 2742
1454 10
1454 4966
1455 2454
1455 3985
1456 1069
1456 4455
1457 2390
1457 4122
1458 702
1458 2206
1459 569
1459 3169
1460 3541
1460 4769
1461 1438
1461 3082
1462 2461
1462 4676
1463 2848
1463 3303
1464 2607
1464 3741
1465 1487
1465 4302
1466 3898
1466 4925
1467 4082
1467 4588
1468 301
1468 4888
1469 2278
1469 3032
1470 1891
1470 4651
1471 795
1471 1667
1472 810
1472 2331
1473 1108
1473 1362
1474 879
1474 1906
1475 1966
1475 4708
1476 897
1476 4642
1477 928
1477 3326
1478 964
1478 2471
1479 455
1479 2201
1480 3144
1480 4563
1481 1
1481 3712
1482 2044
1482 4260
1483 2573
1483 2648
1484 3645
1484 4955
1485 2236
1485 4040
1486 4246
1486 4982
1487 820
1487 3089
1488 1311
1488 2872
1489 60
1489 3890
1490 1186
1490 1708
1491 4120
1491 4534
1492 582
1492 4866
1493 1788
1493 3514
1494 3647
1494 4696
1495 1172
1495 4862
1496 1240
1496 4437
1497 2283
1497 4994
1498 1468
1498 2526
1499 1951
1499 3811
1500 241
1500 4049
1501 3150
1501 3479
1502 3817
1502 4178
1503 1756
1503 3114
1504 2370
1504 2474
1505 1596
1505 3451
1506 1337
1506 2030
1507 1549
1507 2172
1508 2447
1508 4391
1509 663
1509 1391
1510 1900
1510 3396
1511 912
1511 1678
1512 2079
1512 4672
1513 475
1513 486
1514 68
1514 2968
1515 370
1515 3297
1516 1826
1516 3893
1517 719
1517 4797
1518 2105
1518 3107
1519 2838
1519 4485
1520 304
1520 2894
1521 1515
1521 3282
1522 1064
1522 1471
1523 3680
1523 3862
1524 579
1524 1744
1525 735
1525 3448
1526 1680
1526 1839
1527 2116
1527 3665
1528 1907
1528 4618
1529 1818
1529 4138
1530 1903
1530 4204
1531 145
1531 273
1532 1655
1532 2412
1533 1510
1533 3756
1534 955
1534 3585
1535 1458
1535 4330
1536 1685
1536 3255
1537 1367
1537 2981
1538 4162
1538 4636
1539 253
1539 1150
1540 893
1540 3833
1541 1305
1541 2152
1542 3240
1542 3626
1543 1157
1543 3952
1544 880
1544 4883
1545 4091
1545 4811
1546 2058
1546 2097
1547 4073
1547 4421
1548 1920
1548 3722
1549 1228
1549 1395
1550 1259
1550 2358
1551 2352
1551 4740
1552 2293
1552 2780
1553 4612
1553 4615
1554 2747
1554 4071
1555 1128
1555 3703
1556 862
1556 1192
1557 1552
1557 3925
1558 2839
1558 4099
1559 367
1559 2078
1560 30
1560 4036
1561 4418
1561 4641
1562 2076
1562 3999
1563 1953
1563 3756
1564 37
1564 2405
1565 1055
1565 1841
1566 131
1566 3023
1567 1659
1567 4234
1568 3508
1568 3570
1569 2145
1569 4397
1570 1601
1570 3776
1571 217
1571 2983
1572 1071
1572 4042
1573 2229
1573 3516
1574 2135
1574 3966
1575 2743
1575 4460
1576 855
1576 3097
1577 1963
1577 2348
1578 1002
1578 4259
1579 126
1579 4127
1580 2900
1580 3705
1581 226
1581 3332
1582 558
1582 3105
1583 1733
1583 2673
1584 1618
1584 3706
1585 410
1585 4156
1586 298
1586 2677
1587 1131
1587 2353
1588 3900
1588 4107
1589 956
1589 2733
1590 1155
1590 4946
1591 4245
1591 4435
1592 2447
1592 4726
1593 757
1593 2605
1594 1511
1594 3065
1595 2197
1595 2785
1596 1774
1596 2367
1597 1636
1597 1937
1598 4016
1598 4232
1599 1889
1599 3782
1600 1644
1600 3664
1601 53
1601 1988
1602 2492
1602 4574
1603 3170
1603 3539
1604 3228
1604 3490
1605 3059
1605 4287
1606 2024
1606 3458
1607 1497
1607 2859
1608 34
1608 3550
1609 3076
1609 3371
1610 842
1610 1453
1611 3260
1611 4455
1612 2241
1612 3494
1613 32
1613 1923
1614 901
1614 2312
1615 1287
1615 2493
1616 1241
1616 1316
1617 181
1617 654
1618 1177
1618 3091
1619 1515
1619 4794
1620 2279
1620 4322
1621 829
1621 4845
1622 406
1622 2574
1623 1482
1623 4817
1624 2196
1624 2253
1625 2686
1625 3846
1626 1366
1626 2660
1627 693
1627 2358
1628 25
1628 4124
1629 80
1629 4527
1630 720
1630 2038
1631 1829
1631 4354
1632 1503
1632 2391
1633 2840
1633 4662
1634 3548
1634 4303
1635 308
1635 1422
1636 709
1636 2224
1637 2586
1637 4604
1638 4644
1638 4979
1639 2003
1639 4997
1640 2925
1640 3371
1641 530
1641 714
1642 317
1642 1889
1643 2218
1643 4301
1644 997
1644 4182
1645 373
1645 2127
1646 2416
1646 4319
1647 2929
1647 3702
1648 2547
1648 3136
1649 1049
1649 2351
1650 2753
1650 4111
1651 3092
1651 3949
1652 3189
1652 4884
1653 2849
1653 2982
1654 1015
1654 4682
1655 501
1655 4582
1656 1888
1656 2321
1657 3534
1657 4773
1658 15
1658 4627
1659 44
1659 939
1660 1019
1660 3075
1661 2731
1661 4284
1662 359
1662 4578
1663 3839
1663 4269
1664 1691
1664 4651
1665 1299
1665 3042
1666 773
1666 1159
1667 812
1667 3407
1668 2898
1668 3277
1669 1028
1669 4892
1670 1078
1670 1764
1671 3310
1671 4992
1672 1899
1672 4286
1673 3524
1673 3935
1674 1277
1674 2638
1675 3243
1675 4368
1676 3884
1676 4416
1677 297
1677 2330
1678 2280
1678 2772
1679 1472
1679 4190
1680 351
1680 1793
1681 3467
1681 3513
1682 538
1682 4701
1683 1978
1683 4010
1684 765
1684 2813
1685 160
1685 1704
1686 52
1686 361
1687 3382
1687 4639
1688 927
1688 982
1689 486
1689 1543
1690 3276
1690 4071
1691 1014
1691 4915
1692 1840
1692 2736
1693 3182
1693 4048
1694 1287
1694 4733
1695 824
1695 2502
1696 2384
1696 3586
1697 886
1697 2014
1698 851
1698 3686
1699 415
1699 1599
1700 796
1700 2087
1701 3342
1701 4235
1702 2735
1702 3848
1703 1977
1703 4748
1704 418
1704 4509
1705 63
1705 4225
1706 2048
1706 2093
1707 2137
1707 2582
1708 462
1708 3025
1709 2322
1709 4557
1710 2799
1710 3860
1711 1719
1711 3808
1712 23
1712 4281
1713 3859
1713 4173
1714 562
1714 792
1715 1455
1715 2742
1716 3515
1716 4126
1717 480
1717 1733
1718 755
1718 4015
1719 743
1719 2359
1720 3775
1720 4735
1721 1088
1721 1780
1722 337
1722 2907
1723 3588
1723 4551
1724 110
1724 3901
1725 442
1725 3344
1726 2052
1726 2246
1727 870
1727 4556
1728 1855
1728 2630
1729 91
1729 602
1730 514
1730 3747
1731 313
1731 1848
1732 441
1732 4986
1733 643
1733 4905
1734 2242
1734 3549
1735 289
1735 4080
1736 426
1736 3920
1737 3481
1737 4742
1738 1972
1738 3077
1739 1497
1739 3373
1740 1043
1740 1576
1741 3751
1741 4074
1742 1100
1742 4514
1743 288
1743 516
1744 525
1744 691
1745 4337
1745 4546
1746 2701
1746 4013
1747 2782
1747 3334
1748 520
1748 1302
1749 9
1749 3321
1750 3014
1750 4701
1751 3354
1751 3443
1752 2649
1752 3275
1753 1291
1753 1809
1754 132
1754 819
1755 1120
1755 3143
1756 58
1756 1110
1757 20
1757 2452
1758 1234
1758 1700
1759 2947
1759 4228
1760 238
1760 4214
1761 3446
1761 4240
1762 2664
1762 4129
1763 854
1763 3232
1764 2073
1764 4145
1765 2883
1765 3497
1766 993
1766 2565
1767 19
1767 3000
1768 127
1768 955
1769 1454
1769 4718
1770 4255
1770 4665
1771 2502
1771 2724
1772 2247
1772 3327
1773 3908
1773 4890
1774 4505
1774 4707
1775 684
1775 1632
1776 154
1776 4568
1777 1238
1777 2814
1778 605
1778 4291
1779 2911
1779 3028
1780 588
1780 4858
1781 1330
1781 1577
1782 1518
1782 3680
1783 2474
1783 4362
1784 1149
1784 2440
1785 3163
1785 4581
1786 1218
1786 1795
1787 1150
1787 4806
1788 877
1788 2661
1789 4264
1789 4638
1790 3468
1790 4044
1791 846
1791 3060
1792 743
1792 1542
1793 1642
1793 2964
1794 847
1794 4089
1795 2065
1795 4649
1796 4751
1796 4975
1797 644
1797 2083
1798 2061
1798 2641
1799 3625
1799 3739
1800 2030
1800 4019
1801 392
1801 4346
1802 1359
1802 1909
1803 3377
1803 4294
1804 1704
1804 4844
1805 1320
1805 4738
1806 1172
1806 4316
1807 3837
1807 4548
1808 213
1808 2711
1809 1644
1809 4700
1810 2069
1810 3200
1811 802
1811 1133
1812 3330
1812 4939
1813 1690
1813 3325
1814 2466
1814 3934
1815 796
1815 2434
1816 2383
1816 2706
1817 1905
1817 4674
1818 2362
1818 4323
1819 227
1819 2570
1820 2263
1820 4413
1821 1649
1821 3657
1822 950
1822 3155
1823 858
1823 2712
1824 1792
1824 1983
1825 129
1825 3176
1826 99
1826 4567
1827 2298
1827 4664
1828 1439
1828 1833
1829 3831
1829 4661
1830 1895
1830 4463
1831 2690
1831 4125
1832 176
1832 1851
1833 3399
1833 4385
1834 17
1834 589
1835 1578
1835 1912
1836 3109
1836 4280
1837 2780
1837 4290
1838 2067
1838 4711
1839 4027
1839 4709
1840 2850
1840 4067
1841 1991
1841 4832
1842 1580
1842 2348
1843 3874
1843 4302
1844 2407
1844 2833
1845 3338
1845 3716
1846 41
1846 3402
1847 2659
1847 4300
1848 1525
1848 3855
1849 80
1849 2877
1850 2549
1850 3207
1851 3735
1851 4319
1852 2947
1852 4896
1853 2430
1853 4090
1854 1860
1854 3913
1855 1034
1855 4520
1856 1175
1856 4878
1857 916
1857 2410
1858 809
1858 3962
1859 3115
1859 3863
1860 768
1860 1272
1861 1370
1861 1983
1862 625
1862 3769
1863 2243
1863 2588
1864 1665
1864 4076
1865 312
1865 3522
1866 2027
1866 2912
1867 2820
1867 4042
1868 175
1868 2650
1869 537
1869 2421
1870 727
1870 3803
1871 823
1871 4527
1872 2725
1872 4077
1873 74
1873 4624
1874 988
1874 1330
1875 629
1875 4056
1876 1852
1876 3813
1877 1758
1877 3914
1878 1696
1878 3023
1879 1543
1879 3314
1880 613
1880 1398
1881 3644
1881 3752
1882 1091
1882 2816
1883 144
1883 2746
1884 3268
1884 4388
1885 3016
1885 3428
1886 1139
1886 3708
1887 3824
1887 4907
1888 1285
1888 2558
1889 557
1889 2136
1890 4407
1890 4552
1891 814
1891 1382
1892 941
1892 4017
1893 2625
1893 4336
1894 2033
1894 4456
1895 3135
1895 3149
1896 1117
1896 1199
1897 1777
1897 2455
1898 600
1898 1227
1899 1288
1899 3536
1900 1096
1900 1282
1901 510
1901 3466
1902 1319
1902 4245
1903 408
1903 2086
1904 612
1904 3845
1905 2667
1905 3628
1906 2551
1906 3063
1907 1883
1907 2035
1908 560
1908 4475
1909 2964
1909 3933
1910 1548
1910 3462
1911 3044
1911 4985
1912 1695
1912 2969
1913 1041
1913 2116
1914 1163
1914 1924
1915 268
1915 3099
1916 1466
1916 4557
1917 745
1917 4100
1918 1783
1918 2977
1919 1327
1919 4083
1920 3870
1920 4617
1921 1295
1921 3419
1922 468
1922 2451
1923 1280
1923 1834
1924 75
1924 364
1925 962
1925 3314
1926 3220
1926 3732
1927 1710
1927 4198
1928 671
1928 3026
1929 3779
1929 4064
1930 33
1930 4884
1931 240
1931 2319
1932 2812
1932 4953
1933 831
1933 1106
1934 2291
1934 2783
1935 3105
1935 4013
1936 1161
1936 3812
1937 3721
1937 4296
1938 335
1938 2074
1939 1334
1939 4250
1940 1246
1940 3745
1941 351
1941 654
1942 1411
1942 4081
1943 734
1943 4044
1944 2202
1944 2511
1945 917
1945 3096
1946 830
1946 2678
1947 259
1947 3031
1948 1679
1948 3156
1949 2439
1949 2561
1950 2920
1950 4384
1951 2019
1951 2680
1952 4653
1952 4699
1953 2295
1953 4507
1954 679
1954 1293
1955 1025
1955 3448
1956 4268
1956 4353
1957 9
1957 3203
1958 4777
1958 4822
1959 1036
1959 2182
1960 1126
1960 1276
1961 2909
1961 3055
1962 24
1962 3883
1963 1052
1963 2300
1964 3027
1964 3524
1965 2675
1965 4448
1966 2199
1966 4424
1967 1297
1967 2826
1968 572
1968 3517
1969 617
1969 1930
1970 1176
1970 3713
1971 683
1971 4813
1972 862
1972 2166
1973 432
1973 2770
1974 1619
1974 4630
1975 1356
1975 3806
1976 2767
1976 3119
1977 4117
1977 4779
1978 3795
1978 4900
1979 2985
1979 4443
1980 133
1980 1671
1981 887
1981 4990
1982 533
1982 4938
1983 447
1983 4886
1984 732
1984 774
1985 1271
1985 2363
1986 998
1986 2922
1987 1024
1987 4373
1988 931
1988 1261
1989 250
1989 1734
1990 1972
1990 2707
1991 1903
1991 3291
1992 4744
1992 4977
1993 781
1993 3868
1994 2355
1994 4797
1995 1276
1995 3556
1996 522
1996 4436
1997 3138
1997 3753
1998 1745
1998 2201
1999 2878
1999 3218
2000 24
2000 1341
2001 1345
2001 1862
2002 162
2002 3408
2003 539
2003 3218
2004 377
2004 1464
2005 558
2005 907
2006 4084
2006 4541
2007 465
2007 4531
2008 3530
2008 4334
2009 4724
2009 4946
2010 15
2010 3175
2011 513
2011 2538
2012 46
2012 3331
2013 315
2013 4038
2014 2026
2014 2082
2015 3811
2015 3872
2016 721
2016 4306
2017 180
2017 4664
2018 3571
2018 4128
2019 1911
2019 4570
2020 3189
2020 3543
2021 237
2021 2837
2022 1994
2022 2350
2023 51
2023 2355
2024 411
2024 1409
2025 3793
2025 4293
2026 1077
2026 4637
2027 1878
2027 2317
2028 4742
2028 4963
2029 3700
2029 4867
2030 441
2030 1964
2031 405
2031 678
2032 266
2032 1796
2033 294
2033 674
2034 1872
2034 3113
2035 1140
2035 4724
2036 694
2036 3678
2037 583
2037 3487
2038 2950
2038 3381
2039 289
2039 1112
2040 2289
2040 4184
2041 4279
2041 4530
2042 2321
2042 3878
2043 792
2043 1731
2044 2326
2044 2598
2045 48
2045 4498
2046 2635
2046 4542
2047 1354
2047 1513
2048 3190
2048 3363
2049 1135
2049 2972
2050 104
2050 4616
2051 256
2051 2500
2052 686
2052 4913
2053 2885
2053 3459
2054 982
2054 1939
2055 3
2055 3510
2056 4113
2056 4460
2057 1141
2057 3140
2058 733
2058 1780
2059 1249
2059 4575
2060 2084
2060 3750
2061 651
2061 4315
2062 2894
2062 3346
2063 388
2063 1201
2064 848
2064 4476
2065 799
2065 3924
2066 3416
2066 4991
2067 2484
2067 3993
2068 2230
2068 4137
2069 1460
2069 4309
2070 1886
2070 4162
2071 3650
2071 4562
2072 3673
2072 4387
2073 296
2073 570
2074 1904
2074 3746
2075 1403
2075 4425
2076 542
2076 4463
2077 590
2077 1592
2078 1073
2078 4341
2079 123
2079 3277
2080 1060
2080 4659
2081 2813
2081 3365
2082 2382
2082 4076
2083 447
2083 3297
2084 1178
2084 2487
2085 2996
2085 4144
2086 695
2086 1743
2087 1881
2087 4004
2088 817
2088 2798
2089 1110
2089 2374
2090 3320
2090 3531
2091 2059
2091 3636
2092 1721
2092 2906
2093 1483
2093 1673
2094 2852
2094 3066
2095 1630
2095 4414
2096 1531
2096 3867
2097 4768
2097 4934
2098 545
2098 1254
2099 281
2099 1957
2100 2757
2100 3481
2101 1568
2101 3813
2102 696
2102 3356
2103 2882
2103 4988
2104 1713
2104 1965
2105 728
2105 4224
2106 974
2106 4655
2107 4149
2107 4741
2108 274
2108 3696
2109 1512
2109 2634
2110 1508
2110 1890
2111 2948
2111 4807
2112 1549
2112 4914
2113 1116
2113 2268
2114 2297
2114 3298
2115 55
2115 2458
2116 1626
2116 3538
2117 1587
2117 3903
2118 526
2118 3132
2119 903
2119 3505
2120 1646
2120 4163
2121 117
2121 1912
2122 1449
2122 3244
2123 1294
2123 4114
2124 1478
2124 2573
2125 148
2125 1540
2126 206
2126 4213
2127 1423
2127 1599
2128 1247
2128 2633
2129 271
2129 2488
2130 1517
2130 2011
2131 1926
2131 3719
2132 1146
2132 1877
2133 1156
2133 1725
2134 688
2134 1722
2135 1980
2135 4930
2136 2886
2136 3730
2137 193
2137 1191
2138 4369
2138 4600
2139 1954
2139 3339
2140 4092
2140 4759
2141 236
2141 3245
2142 1541
2142 3424
2143 1779
2143 3409
2144 388
2144 4483
2145 1605
2145 2518
2146 1442
2146 3290
2147 717
2147 1173
2148 523
2148 3914
2149 2291
2149 3097
2150 1802
2150 4914
2151 4027
2151 4540
2152 2380
2152 4267
2153 2669
2153 4402
2154 54
2154 343
2155 2458
2155 2925
2156 478
2156 2001
2157 90
2157 144
2158 1910
2158 3752
2159 3926
2159 4844
2160 553
2160 3493
2161 1810
2161 4152
2162 1432
2162 2579
2163 2198
2163 3720
2164 1509
2164 3215
2165 551
2165 882
2166 742
2166 4001
2167 3169
2167 3489
2168 1537
2168 1558
2169 394
2169 4607
2170 1661
2170 4070
2171 208
2171 927
2172 2380
2172 4192
2173 3655
2173 3982
2174 1068
2174 1124
2175 1617
2175 2934
2176 722
2176 2329
2177 4459
2177 4852
2178 2953
2178 3078
2179 78
2179 1118
2180 49
2180 4109
2181 551
2181 822
2182 4259
2182 4965
2183 3121
2183 3874
2184 739
2184 2448
2185 4847
2185 4961
2186 2171
2186 4473
2187 4847
2187 4922
2188 11
2188 2718
2189 929
2189 2945
2190 480
2190 3051
2191 1894
2191 4579
2192 1390
2192 3660
2193 352
2193 1267
2194 769
2194 3250
2195 1530
2195 2604
2196 3525
2196 3663
2197 2423
2197 3080
2198 596
2198 4205
2199 1412
2199 3983
2200 43
2200 1668
2201 779
2201 2781
2202 41
2202 4199
2203 937
2203 3910
2204 1815
2204 2930
2205 721
2205 2108
2206 1472
2206 4057
2207 1929
2207 1955
2208 1667
2208 3192
2209 216
2209 2736
2210 194
2210 4220
2211 3207
2211 4232
2212 1410
2212 4826
2213 2702
2213 4917
2214 2305
2214 3751
2215 198
2215 2153
2216 137
2216 4753
2217 118
2217 2933
2218 1754
2218 3871
2219 842
2219 2055
2220 4272
2220 4799
2221 2507
2221 3134
2222 1446
2222 4492
2223 2790
2223 4722
2224 363
2224 1963
2225 488
2225 790
2226 77
2226 1677
2227 402
2227 4471
2228 617
2228 2068
2229 1519
2229 1724
2230 1610
2230 2163
2231 2589
2231 3394
2232 1223
2232 4640
2233 1557
2233 4356
2234 3360
2234 3669
2235 1314
2235 2282
2236 949
2236 4164
2237 507
2237 4260
2238 814
2238 3947
2239 2160
2239 3430
2240 404
2240 2811
2241 1480
2241 3748
2242 2100
2242 4725
2243 1195
2243 3841
2244 777
2244 1736
2245 957
2245 1361
2246 3816
2246 3985
2247 3014
2247 3576
2248 3666
2248 4991
2249 1157
2249 3516
2250 712
2250 4805
2251 2459
2251 4320
2252 3469
2252 3537
2253 2026
2253 4675
2254 4481
2254 4805
2255 1838
2255 2956
2256 1700
2256 3634
2257 1448
2257 2971
2258 2739
2258 3815
2259 2730
2259 2899
2260 576
2260 4685
2261 1773
2261 2987
2262 1004
2262 3392
2263 653
2263 2198
2264 448
2264 4669
2265 4361
2265 4554
2266 1698
2266 4388
2267 263
2267 4569
2268 941
2268 3103
2269 1304
2269 4105
2270 1444
2270 2773
2271 1415
2271 1885
2272 1216
2272 3324
2273 288
2273 4819
2274 61
2274 430
2275 1982
2275 4842
2276 685
2276 1054
2277 2652
2277 3247
2278 1377
2278 2247
2279 1526
2279 2462
2280 933
2280 3863
2281 4009
2281 4955
2282 2966
2282 3786
2283 1653
2283 2799
2284 2408
2284 4833
2285 2148
2285 4166
2286 67
2286 2225
2287 1335
2287 1688
2288 2856
2288 4465
2289 1768
2289 3728
2290 1328
2290 2491
2291 835
2291 4836
2292 3174
2292 4551
2293 786
2293 1962
2294 2354
2294 2931
2295 496
2295 3676
2296 163
2296 1440
2297 952
2297 2396
2298 2451
2298 4484
2299 3310
2299 4606
2300 1449
2300 4658
2301 1805
2301 3591
2302 197
2302 4628
2303 394
2303 2869
2304 2523
2304 3315
2305 1271
2305 1524
2306 751
2306 2747
2307 1163
2307 4404
2308 593
2308 4589
2309 3692
2309 4187
2310 32
2310 1145
2311 3203
2311 4595
2312 2245
2312 2315
2313 896
2313 4328
2314 3946
2314 3975
2315 167
2315 1732
2316 873
2316 3173
2317 297
2317 4622
2318 1370
2318 1417
2319 987
2319 4976
2320 4218
2320 4767
2321 2960
2321 4270
2322 98
2322 4325
2323 3088
2323 3646
2324 400
2324 3008
2325 100
2325 3598
2326 3433
2326 3873
2327 114
2327 1160
2328 585
2328 632
2329 2596
2329 3460
2330 3161
2330 3630
2331 827
2331 2892
2332 2102
2332 3641
2333 1987
2333 4024
2334 1982
2334 3287
2335 269
2335 827
2336 2170
2336 4984
2337 3353
2337 3397
2338 3677
2338 4830
2339 1429
2339 4548
2340 2847
2340 3162
2341 397
2341 3864
2342 3571
2342 4993
2343 675
2343 3864
2344 2080
2344 4399
2345 220
2345 1556
2346 1841
2346 3888
2347 1103
2347 3681
2348 1555
2348 1843
2349 1577
2349 2591
2350 2054
2350 2323
2351 2371
2351 2542
2352 1450
2352 4762
2353 1032
2353 3335
2354 4350
2354 4987
2355 701
2355 4639
2356 161
2356 4870
2357 165
2357 2656
2358 2229
2358 3142
2359 1419
2359 4403
2360 469
2360 4176
2361 667
2361 4183
2362 2445
2362 4501
2363 1702
2363 3976
2364 734
2364 2420
2365 1523
2365 4405
2366 2427
2366 4699
2367 2414
2367 2672
2368 379
2368 3823
2369 1467
2369 2900
2370 2357
2370 4428
2371 1429
2371 2784
2372 3146
2372 4649
2373 521
2373 3854
2374 1473
2374 4276
2375 2581
2375 4986
2376 1800
2376 1907
2377 1828
2377 4537
2378 2233
2378 3685
2379 797
2379 3624
2380 1420
2380 3104
2381 1408
2381 2525
2382 2501
2382 3882
2383 2880
2383 3600
2384 62
2384 1698
2385 3945
2385 4923
2386 2281
2386 4772
2387 1829
2387 2797
2388 1953
2388 2249
2389 4237
2389 4428
2390 213
2390 1476
2391 3478
2391 4800
2392 494
2392 1189
2393 26
2393 2278
2394 716
2394 1742
2395 2088
2395 4926
2396 1772
2396 1993
2397 1545
2397 4333
2398 511
2398 2333
2399 2273
2399 2532
2400 1208
2400 1536
2401 3267
2401 4419
2402 1031
2402 1776
2403 902
2403 960
2404 179
2404 4928
2405 502
2405 2599
2406 1007
2406 1376
2407 2157
2407 3426
2408 3060
2408 4793
2409 2406
2409 4977
2410 1719
2410 2537
2411 1572
2411 2996
2412 3216
2412 4362
2413 1470
2413 4119
2414 1022
2414 3226
2415 1529
2415 4982
2416 1893
2416 2879
2417 19
2417 1820
2418 2646
2418 4510
2419 2072
2419 2262
2420 323
2420 1377
2421 933
2421 3856
2422 2464
2422 2831
2423 669
2423 775
2424 1254
2424 2528
2425 239
2425 3801
2426 1167
2426 3462
2427 3825
2427 4948
2428 800
2428 1576
2429 1484
2429 4933
2430 1248
2430 2854
2431 2500
2431 3540
2432 1278
2432 4536
2433 2593
2433 4168
2434 2091
2434 3131
2435 4258
2435 4883
2436 2984
2436 3006
2437 2621
2437 4271
2438 1156
2438 4104
2439 106
2439 3139
2440 344
2440 571
2441 3828
2441 4975
2442 3736
2442 4026
2443 1633
2443 1942
2444 2684
2444 3732
2445 3239
2445 4509
2446 407
2446 1233
2447 1682
2447 3172
2448 202
2448 4073
2449 1774
2449 2783
2450 674
2450 1375
2451 3305
2451 3599
2452 863
2452 1974
2453 2090
2453 3053
2454 446
2454 3303
2455 505
2455 1602
2456 1740
2456 4910
2457 865
2457 992
2458 527
2458 1435
2459 1346
2459 3658
2460 843
2460 4959
2461 188
2461 1819
2462 1920
2462 2227
2463 232
2463 270
2464 311
2464 3383
2465 1296
2465 2986
2466 2541
2466 2548
2467 1671
2467 3986
2468 1623
2468 4839
2469 3449
2469 3968
2470 1496
2470 4116
2471 2387
2471 3056
2472 1256
2472 1559
2473 2979
2473 3311
2474 1502
2474 2178
2475 642
2475 1036
2476 2697
2476 4426
2477 2830
2477 3879
2478 2255
2478 4209
2479 1072
2479 1710
2480 3473
2480 4715
2481 440
2481 1331
2482 3618
2482 4532
2483 704
2483 1741
2484 1341
2484 2645
2485 2723
2485 4784
2486 2719
2486 4494
2487 1499
2487 3206
2488 1447
2488 3907
2489 452
2489 2702
2490 836
2490 2932
2491 1375
2491 3262
2492 2036
2492 4341
2493 1281
2493 2407
2494 92
2494 1612
2495 51
2495 4586
2496 3011
2496 4207
2497 4636
2497 4874
2498 532
2498 4604
2499 325
2499 4990
2500 640
2500 4643
2501 454
2501 2674
2502 1355
2502 3264
2503 737
2503 3644
2504 4131
2504 4916
2505 2495
2505 3406
2506 3552
2506 3782
2507 733
2507 2480
2508 278
2508 3554
2509 262
2509 854
2510 1250
2510 4812
2511 2705
2511 3553
2512 3496
2512 3792
2513 677
2513 1274
2514 398
2514 3794
2515 3160
2515 3911
2516 59
2516 875
2517 3488
2517 3800
2518 270
2518 4634
2519 980
2519 2535
2520 1393
2520 1928
2521 864
2521 2923
2522 2232
2522 4957
2523 4252
2523 4461
2524 645
2524 2256
2525 3495
2525 3918
2526 2620
2526 4375
2527 412
2527 3345
2528 2521
2528 3477
2529 1119
2529 2566
2530 1789
2530 2973
2531 1188
2531 2360
2532 22
2532 2895
2533 2049
2533 4895
2534 544
2534 3810
2535 56
2535 3696
2536 319
2536 400
2537 2874
2537 2993
2538 2055
2538 3180
2539 2108
2539 3254
2540 155
2540 3415
2541 345
2541 3279
2542 65
2542 3054
2543 210
2543 2126
2544 303
2544 3165
2545 1418
2545 3367
2546 2423
2546 3212
2547 185
2547 4345
2548 3119
2548 3330
2549 3517
2549 4935
2550 1947
2550 4500
2551 514
2551 2368
2552 953
2552 4907
2553 917
2553 3738
2554 629
2554 2880
2555 456
2555 4714
2556 522
2556 3486
2557 1910
2557 4771
2558 1523
2558 1791
2559 438
2559 3798
2560 3070
2560 3745
2561 1654
2561 4413
2562 1791
2562 1952
2563 1514
2563 1947
2564 409
2564 3526
2565 1859
2565 4405
2566 1664
2566 2323
2567 1641
2567 3446
2568 1371
2568 3537
2569 2042
2569 2130
2570 1436
2570 2764
2571 251
2571 2054
2572 979
2572 2168
2573 1757
2573 1769
2574 1076
2574 4951
2575 1817
2575 3101
2576 3038
2576 3581
2577 1122
2577 1566
2578 3069
2578 4561
2579 2424
2579 3544
2580 293
2580 1692
2581 143
2581 3281
2582 336
2582 4945
2583 4676
2583 4828
2584 2929
2584 3424
2585 4434
2585 4817
2586 467
2586 3454
2587 1594
2587 2154
2588 675
2588 2963
2589 1672
2589 4863
2590 4004
2590 4801
2591 2575
2591 3285
2592 2974
2592 4185
2593 3452
2593 4113
2594 1414
2594 4633
2595 2359
2595 2637
2596 2322
2596 3051
2597 1185
2597 3454
2598 138
2598 2369
2599 1097
2599 1810
2600 2590
2600 3211
2601 4169
2601 4708
2602 606
2602 3114
2603 729
2603 3814
2604 3253
2604 3847
2605 1729
2605 2606
2606 1093
2606 1555
2607 2296
2607 3253
2608 2184
2608 4956
2609 483
2609 561
2610 1304
2610 4518
2611 556
2611 828
2612 2096
2612 4945
2613 689
2613 1315
2614 741
2614 2514
2615 2330
2615 4702
2616 142
2616 1342
2617 3503
2617 4506
2618 2107
2618 3755
2619 1894
2619 4394
2620 8
2620 4853
2621 10
2621 1585
2622 3597
2622 4412
2623 1712
2623 2226
2624 4208
2624 4322
2625 1176
2625 1556
2626 4191
2626 4496
2627 1297
2627 2623
2628 3625
2628 3638
2629 311
2629 3195
2630 890
2630 3921
2631 1256
2631 2168
2632 1870
2632 1905
2633 1890
2633 3795
2634 1660
2634 2267
2635 1462
2635 1681
2636 1213
2636 3710
2637 1279
2637 3796
2638 1573
2638 3209
2639 2250
2639 4881
2640 2122
2640 4360
2641 635
2641 1215
2642 1896
2642 4103
2643 1778
2643 3860
2644 603
2644 1360
2645 1094
2645 3725
2646 3685
2646 3724
2647 3887
2647 4878
2648 121
2648 1389
2649 1117
2649 4167
2650 1626
2650 3684
2651 904
2651 1135
2652 4098
2652 4720
2653 1104
2653 3179
2654 3443
2654 4691
2655 599
2655 2525
2656 2049
2656 4147
2657 2796
2657 4999
2658 3196
2658 3929
2659 3048
2659 4264
2660 940
2660 4714
2661 2504
2661 4673
2662 765
2662 1227
2663 1012
2663 2012
2664 4550
2664 4985
2665 451
2665 948
2666 81
2666 4663
2667 2028
2667 3061
2668 1183
2668 2490
2669 3564
2669 4203
2670 3887
2670 4633
2671 1270
2671 4861
2672 71
2672 716
2673 1869
2673 3858
2674 4462
2674 4487
2675 2618
2675 3327
2676 2775
2676 3137
2677 3496
2677 3511
2678 919
2678 3194
2679 1127
2679 2200
2680 315
2680 1580
2681 1837
2681 3695
2682 3265
2682 3574
2683 1819
2683 4782
2684 1589
2684 2302
2685 2195
2685 4611
2686 1339
2686 4268
2687 349
2687 1009
2688 134
2688 1230
2689 4370
2689 4820
2690 4572
2690 4919
2691 555
2691 1884
2692 2183
2692 3835
2693 3847
2693 4924
2694 3316
2694 3993
2695 2951
2695 4367
2696 1138
2696 3104
2697 478
2697 3986
2698 3709
2698 4519
2699 1203
2699 3013
2700 2287
2700 4545
2701 916
2701 4732
2702 1390
2702 4855
2703 3251
2703 3866
2704 1695
2704 4703
2705 2106
2705 4794
2706 338
2706 3217
2707 3808
2707 3907
2708 984
2708 2803
2709 2563
2709 3885
2710 380
2710 4741
2711 656
2711 2615
2712 2464
2712 3865
2713 2149
2713 3387
2714 1445
2714 1847
2715 519
2715 1068
2716 264
2716 1553
2717 2063
2717 2399
2718 2802
2718 4445
2719 503
2719 2434
2720 906
2720 4495
2721 97
2721 418
2722 491
2722 4815
2723 2558
2723 4576
2724 2811
2724 2896
2725 1239
2725 4495
2726 866
2726 4040
2727 2967
2727 3753
2728 496
2728 939
2729 1325
2729 3442
2730 2662
2730 2716
2731 1030
2731 1164
2732 1882
2732 4516
2733 3142
2733 3370
2734 1122
2734 1258
2735 2800
2735 3375
2736 1321
2736 2120
2737 1628
2737 3106
2738 2697
2738 4001
2739 3976
2739 4079
2740 761
2740 2868
2741 466
2741 1456
2742 2044
2742 3771
2743 238
2743 1612
2744 1919
2744 3838
2745 323
2745 943
2746 1761
2746 2808
2747 2861
2747 4317
2748 242
2748 2732
2749 3280
2749 4158
2750 3428
2750 4028
2751 2843
2751 3882
2752 1083
2752 3043
2753 18
2753 1666
2754 3480
2754 4453
2755 1313
2755 3943
2756 1856
2756 2337
2757 1381
2757 2377
2758 4526
2758 4683
2759 2104
2759 4540
2760 561
2760 4344
2761 3110
2761 4984
2762 2676
2762 4717
2763 1573
2763 2575
2764 3041
2764 4646
2765 23
2765 458
2766 3188
2766 4432
2767 4263
2767 4528
2768 1845
2768 3388
2769 710
2769 2926
2770 1144
2770 3850
2771 2009
2771 4885
2772 183
2772 4218
2773 2865
2773 4716
2774 1703
2774 3412
2775 3177
2775 4276
2776 807
2776 2938
2777 1967
2777 2967
2778 1033
2778 4134
2779 489
2779 3141
2780 429
2780 2696
2781 470
2781 1183
2782 2079
2782 2490
2783 2230
2783 3005
2784 195
2784 4941
2785 2561
2785 4298
2786 2867
2786 4583
2787 2393
2787 3460
2788 3814
2788 4980
2789 215
2789 805
2790 760
2790 1881
2791 1003
2791 1637
2792 104
2792 2298
2793 3266
2793 3592
2794 2041
2794 4983
2795 1755
2795 2875
2796 3347
2796 4491
2797 590
2797 1125
2798 1284
2798 3147
2799 1397
2799 1649
2800 2492
2800 4484
2801 2276
2801 3729
2802 207
2802 3475
2803 420
2803 4164
2804 1092
2804 1960
2805 3379
2805 4326
2806 609
2806 4236
2807 3050
2807 3651
2808 461
2808 565
2809 4035
2809 4429
2810 2569
2810 3502
2811 2097
2811 3672
2812 3734
2812 4518
2813 4058
2813 4282
2814 1632
2814 4645
2815 1606
2815 1807
2816 673
2816 4965
2817 2751
2817 4244
2818 2793
2818 4523
2819 1811
2819 2970
2820 1723
2820 2469
2821 3683
2821 3987
2822 3709
2822 4544
2823 2567
2823 3099
2824 550
2824 4404
2825 4469
2825 4632
2826 2341
2826 3306
2827 84
2827 1670
2828 3762
2828 3915
2829 1264
2829 4705
2830 3058
2830 4165
2831 708
2831 3886
2832 1934
2832 2276
2833 1478
2833 2640
2834 35
2834 2886
2835 2239
2835 4764
2836 3280
2836 4899
2837 12
2837 4194
2838 3939
2838 4792
2839 912
2839 4374
2840 2286
2840 2385
2841 671
2841 2149
2842 2722
2842 3828
2843 453
2843 2569
2844 1140
2844 3235
2845 2343
2845 2592
2846 2207
2846 2756
2847 2835
2847 3881
2848 3459
2848 3520
2849 762
2849 3664
2850 1631
2850 4887
2851 3711
2851 3948
2852 2105
2852 4616
2853 863
2853 4350
2854 333
2854 3288
2855 4158
2855 4818
2856 1395
2856 4327
2857 2550
2857 4098
2858 1711
2858 2074
2859 788
2859 4433
2860 1601
2860 1840
2861 2628
2861 3447
2862 337
2862 4687
2863 1672
2863 3939
2864 1219
2864 4201
2865 45
2865 2004
2866 2194
2866 2712
2867 462
2867 3533
2868 2037
2868 4710
2869 16
2869 3475
2870 1266
2870 1709
2871 177
2871 3305
2872 3354
2872 3422
2873 1500
2873 3995
2874 358
2874 4313
2875 2139
2875 2756
2876 2652
2876 3396
2877 1181
2877 3171
2878 1806
2878 3284
2879 443
2879 4325
2880 128
2880 2940
2881 2839
2881 4964
2882 3388
2882 4904
2883 2277
2883 3780
2884 1022
2884 2417
2885 4132
2885 4277
2886 1200
2886 3754
2887 1234
2887 4777
2888 1617
2888 4028
2889 2217
2889 2600
2890 3928
2890 4641
2891 1190
2891 2519
2892 3697
2892 3832
2893 1994
2893 4251
2894 334
2894 2332
2895 483
2895 2753
2896 1750
2896 3715
2897 3806
2897 4176
2898 249
2898 1114
2899 304
2899 4851
2900 268
2900 1010
2901 1964
2901 4347
2902 449
2902 1248
2903 1031
2903 4229
2904 267
2904 1933
2905 3416
2905 4623
2906 2865
2906 3582
2907 666
2907 4894
2908 984
2908 4943
2909 664
2909 2591
2910 1898
2910 4029
2911 1871
2911 3890
2912 88
2912 2187
2913 2318
2913 4798
2914 88
2914 1353
2915 2001
2915 3940
2916 981
2916 3133
2917 4130
2917 4207
2918 1166
2918 3546
2919 1759
2919 1931
2920 1155
2920 1350
2921 231
2921 3286
2922 1236
2922 2927
2923 1900
2923 3320
2924 754
2924 1865
2925 2726
2925 4829
2926 209
2926 3000
2927 375
2927 1356
2928 143
2928 1182
2929 1085
2929 2592
2930 3333
2930 3722
2931 2003
2931 2969
2932 2489
2932 3363
2933 387
2933 1042
2934 1493
2934 2648
2935 2721
2935 3333
2936 2533
2936 4299
2937 870
2937 1056
2938 1077
2938 4190
2939 55
2939 1385
2940 3062
2940 4610
2941 3072
2941 4872
2942 2713
2942 4343
2943 3476
2943 3963
2944 2482
2944 4941
2945 572
2945 3380
2946 4199
2946 4251
2947 295
2947 4183
2948 3990
2948 4486
2949 2259
2949 3790
2950 2373
2950 4063
2951 692
2951 1348
2952 4461
2952 4619
2953 378
2953 4172
2954 1708
2954 4401
2955 3343
2955 4609
2956 1275
2956 4848
2957 1554
2957 2707
2958 1635
2958 4248
2959 3679
2959 3769
2960 2800
2960 3472
2961 2513
2961 4524
2962 3079
2962 4335
2963 2047
2963 2394
2964 897
2964 2553
2965 1868
2965 3088
2966 1966
2966 2833
2967 2419
2967 4565
2968 168
2968 2622
2969 449
2969 3295
2970 1444
2970 3523
2971 1215
2971 2073
2972 120
2972 3352
2973 970
2973 4670
2974 3427
2974 4705
2975 87
2975 4415
2976 1707
2976 2058
2977 109
2977 3875
2978 226
2978 2965
2979 1782
2979 4685
2980 2958
2980 4213
2981 1528
2981 4222
2982 2337
2982 3896
2983 773
2983 1368
2984 3020
2984 3094
2985 2442
2985 4814
2986 2374
2986 4530
2987 433
2987 4932
2988 3232
2988 3866
2989 1505
2989 2186
2990 2138
2990 4781
2991 3788
2991 4371
2992 57
2992 3546
2993 1600
2993 3674
2994 705
2994 3702
2995 2310
2995 4363
2996 393
2996 2077
2997 1832
2997 4838
2998 756
2998 1775
2999 2564
2999 3402
3000 918
3000 4031
3001 528
3001 3187
3002 665
3002 4694
3003 92
3003 2144
3004 2692
3004 4778
3005 290
3005 2403
3006 1334
3006 2343
3007 390
3007 4908
3008 1462
3008 3621
3009 2346
3009 4070
3010 2465
3010 3740
3011 2674
3011 3681
3012 1566
3012 3556
3013 1527
3013 2316
3014 2601
3014 4923
3015 117
3015 2365
3016 1232
3016 4879
3017 3092
3017 4859
3018 413
3018 1237
3019 578
3019 2339
3020 4133
3020 4821
3021 1443
3021 3747
3022 1265
3022 1993
3023 1707
3023 2866
3024 869
3024 2708
3025 1082
3025 2594
3026 3390
3026 4556
3027 1959
3027 2818
3028 382
3028 2107
3029 713
3029 2057
3030 809
3030 4974
3031 211
3031 3332
3032 1364
3032 2784
3033 3557
3033 4673
3034 4095
3034 4189
3035 3109
3035 3256
3036 299
3036 4897
3037 2957
3037 4022
3038 3273
3038 4161
3039 4489
3039 4947
3040 2259
3040 3551
3041 499
3041 4517
3042 430
3042 3676
3043 2009
3043 4216
3044 140
3044 1634
3045 2547
3045 3869
3046 370
3046 904
3047 4169
3047 4546
3048 1717
3048 4221
3049 1347
3049 4666
3050 204
3050 2424
3051 822
3051 2179
3052 385
3052 437
3053 1280
3053 2065
3054 3924
3054 4202
3055 582
3055 717
3056 1812
3056 2675
3057 458
3057 1208
3058 1567
3058 1849
3059 209
3059 990
3060 818
3060 3785
3061 69
3061 3825
3062 3043
3062 4704
3063 1989
3063 2011
3064 456
3064 1712
3065 1189
3065 3778
3066 2473
3066 4128
3067 611
3067 722
3068 720
3068 3004
3069 3179
3069 3711
3070 1547
3070 4735
3071 3465
3071 3691
3072 1021
3072 3603
3073 4196
3073 4493
3074 1559
3074 3575
3075 2000
3075 4493
3076 1209
3076 2713
3077 529
3077 801
3078 4257
3078 4290
3079 745
3079 4521
3080 1040
3080 2034
3081 2750
3081 3210
3082 710
3082 1394
3083 2873
3083 4629
3084 925
3084 4562
3085 892
3085 2111
3086 367
3086 4160
3087 1932
3087 3781
3088 1067
3088 1451
3089 2976
3089 3612
3090 67
3090 4864
3091 506
3091 4219
3092 507
3092 3652
3093 264
3093 2982
3094 1035
3094 4342
3095 1153
3095 2361
3096 1205
3096 2189
3097 330
3097 3889
3098 444
3098 4212
3099 292
3099 2383
3100 2242
3100 2685
3101 219
3101 4088
3102 3783
3102 4739
3103 631
3103 2657
3104 3665
3104 4861
3105 1610
3105 1689
3106 581
3106 1726
3107 221
3107 2904
3108 2223
3108 2335
3109 2759
3109 4597
3110 1808
3110 3915
3111 2476
3111 3382
3112 2269
3112 3412
3113 856
3113 3108
3114 2181
3114 2857
3115 2265
3115 4047
3116 31
3116 885
3117 3543
3117 4810
3118 637
3118 2720
3119 2029
3119 4642
3120 1527
3120 3451
3121 3929
3121 4240
3122 369
3122 1663
3123 4030
3123 4256
3124 713
3124 3152
3125 2245
3125 2678
3126 645
3126 1492
3127 2704
3127 3588
3128 1961
3128 3291
3129 711
3129 1546
3130 81
3130 1402
3131 222
3131 3164
3132 3411
3132 4740
3133 428
3133 555
3134 3945
3134 4867
3135 513
3135 3420
3136 2546
3136 4365
3137 3040
3137 3789
3138 158
3138 3978
3139 1804
3139 4115
3140 2176
3140 3856
3141 1326
3141 2556
3142 365
3142 2962
3143 3700
3143 4332
3144 1718
3144 2801
3145 3897
3145 4467
3146 1613
3146 4730
3147 468
3147 4572
3148 650
3148 2670
3149 2158
3149 4522
3150 535
3150 1009
3151 2248
3151 2619
3152 126
3152 2606
3153 566
3153 4316
3154 2643
3154 2729
3155 1452
3155 2651
3156 374
3156 3022
3157 2734
3157 3087
3158 260
3158 3461
3159 3391
3159 4752
3160 679
3160 3100
3161 255
3161 3345
3162 913
3162 1635
3163 1384
3163 3136
3164 2721
3164 4967
3165 1329
3165 3523
3166 2926
3166 4173
3167 3896
3167 4365
3168 1166
3168 3905
3169 1016
3169 3979
3170 287
3170 1218
3171 2310
3171 4003
3172 1731
3172 3216
3173 1266
3173 4180
3174 1874
3174 3499
3175 642
3175 4301
3176 574
3176 4444
3177 3608
3177 3995
3178 287
3178 1602
3179 4253
3179 4408
3180 3205
3180 4739
3181 284
3181 2534
3182 1133
3182 4059
3183 2511
3183 3414
3184 248
3184 2196
3185 267
3185 3425
3186 1361
3186 1897
3187 1655
3187 2135
3188 1159
3188 1569
3189 841
3189 3975
3190 3521
3190 3819
3191 90
3191 1717
3192 826
3192 998
3193 392
3193 1487
3194 2437
3194 3401
3195 1821
3195 4146
3196 2795
3196 3787
3197 1724
3197 2610
3198 1514
3198 2336
3199 354
3199 1426
3200 1137
3200 1226
3201 1823
3201 2040
3202 691
3202 2148
3203 26
3203 3029
3204 1591
3204 2254
3205 603
3205 907
3206 246
3206 3672
3207 3157
3207 3294
3208 490
3208 1735
3209 2156
3209 4825
3210 3468
3210 4087
3211 1333
3211 1778
3212 33
3212 2759
3213 4587
3213 5000
3214 3779
3214 4927
3215 661
3215 2728
3216 4346
3216 4833
3217 611
3217 2382
3218 660
3218 2495
3219 318
3219 4402
3220 340
3220 3130
3221 424
3221 3512
3222 1603
3222 3694
3223 702
3223 4870
3224 2468
3224 2807
3225 120
3225 930
3226 2128
3226 2435
3227 1181
3227 2571
3228 2295
3228 4201
3229 3757
3229 4811
3230 301
3230 3784
3231 619
3231 3350
3232 3151
3232 3726
3233 235
3233 845
3234 945
3234 1474
3235 989
3235 2908
3236 1237
3236 1891
3237 991
3237 4762
3238 1614
3238 3955
3239 3635
3239 4565
3240 1098
3240 2726
3241 3961
3241 4466
3242 592
3242 3308
3243 1797
3243 1825
3244 2554
3244 2855
3245 1828
3245 2918
3246 1268
3246 1771
3247 429
3247 3233
3248 2386
3248 2740
3249 1749
3249 3395
3250 812
3250 4400
3251 2199
3251 4403
3252 850
3252 3662
3253 1625
3253 1970
3254 2609
3254 2958
3255 2186
3255 2239
3256 385
3256 4450
3257 1196
3257 3095
3258 4755
3258 4760
3259 263
3259 3017
3260 4146
3260 4466
3261 274
3261 1648
3262 1507
3262 3237
3263 1063
3263 3760
3264 595
3264 3352
3265 3162
3265 3974
3266 2477
3266 2781
3267 1981
3267 3673
3268 185
3268 3799
3269 3432
3269 4253
3270 308
3270 4856
3271 821
3271 1977
3272 2559
3272 3024
3273 3386
3273 3809
3274 326
3274 2999
3275 520
3275 1403
3276 2362
3276 2897
3277 310
3277 491
3278 2935
3278 4908
3279 2480
3279 3045
3280 3242
3280 4474
3281 944
3281 4068
3282 835
3282 1289
3283 181
3283 3723
3284 2505
3284 4177
3285 223
3285 2959
3286 4171
3286 4826
3287 1018
3287 4142
3288 4340
3288 4723
3289 3123
3289 4731
3290 2696
3290 3527
3291 2763
3291 3495
3292 3758
3292 4918
3293 218
3293 2975
3294 102
3294 3802
3295 1511
3295 3466
3296 2768
3296 4989
3297 3301
3297 3898
3298 61
3298 3191
3299 137
3299 1029
3300 798
3300 2037
3301 1148
3301 3694
3302 422
3302 703
3303 2572
3303 4337
3304 128
3304 4507
3305 3278
3305 4882
3306 985
3306 1570
3307 365
3307 2913
3308 4144
3308 4331
3309 2539
3309 3411
3310 556
3310 1374
3311 1419
3311 4816
3312 1179
3312 3687
3313 698
3313 2782
3314 2207
3314 4423
3315 272
3315 634
3316 230
3316 620
3317 3561
3317 3577
3318 1023
3318 2261
3319 2847
3319 3315
3320 3238
3320 4020
3321 3041
3321 3997
3322 122
3322 4500
3323 4181
3323 4303
3324 347
3324 2624
3325 149
3325 1228
3326 454
3326 2436
3327 3617
3327 3850
3328 2804
3328 4153
3329 3720
3329 4716
3330 1144
3330 1494
3331 4198
3331 4420
3332 2281
3332 4292
3333 838
3333 1231
3334 610
3334 2639
3335 883
3335 3323
3336 1569
3336 2420
3337 1328
3337 4631
3338 2184
3338 2829
3339 1026
3339 1424
3340 1773
3340 4363
3341 136
3341 470
3342 1836
3342 3204
3343 748
3343 2060
3344 1453
3344 3817
3345 2544
3345 4706
3346 3857
3346 4115
3347 320
3347 2309
3348 2248
3348 4030
3349 2103
3349 3431
3350 313
3350 3609
3351 1044
3351 2192
3352 639
3352 2740
3353 2485
3353 2584
3354 1253
3354 4736
3355 823
3355 3304
3356 1552
3356 2841
3357 2792
3357 4318
3358 2115
3358 3538
3359 1613
3359 2531
3360 1427
3360 2035
3361 910
3361 1595
3362 2271
3362 4298
3363 132
3363 2156
3364 2318
3364 3022
3365 7
3365 1544
3366 3713
3366 3768
3367 1814
3367 4684
3368 2668
3368 3263
3369 1737
3369 3574
3370 1245
3370 4490
3371 101
3371 4655
3372 2803
3372 4451
3373 919
3373 1673
3374 926
3374 1100
3375 1479
3375 3686
3376 2496
3376 3151
3377 1042
3377 2404
3378 588
3378 723
3379 2217
3379 3322
3380 2694
3380 4795
3381 3251
3381 4025
3382 2550
3382 3398
3383 1300
3383 3602
3384 2402
3384 4055
3385 2738
3385 4889
3386 1313
3386 2990
3387 434
3387 4770
3388 395
3388 2539
3389 1948
3389 2133
3390 3541
3390 3964
3391 973
3391 4960
3392 1508
3392 4689
3393 165
3393 1354
3394 3112
3394 3498
3395 1867
3395 1959
3396 150
3396 434
3397 1692
3397 4549
3398 767
3398 4094
3399 324
3399 1097
3400 2275
3400 3289
3401 502
3401 1249
3402 547
3402 3418
3403 1797
3403 2919
3404 3256
3404 3823
3405 1528
3405 4485
3406 748
3406 1224
3407 3410
3407 4947
3408 2520
3408 2701
3409 878
3409 2159
3410 3409
3410 4785
3411 1821
3411 2467
3412 4841
3412 4891
3413 3267
3413 4899
3414 140
3414 2231
3415 115
3415 533
3416 1339
3416 3532
3417 921
3417 1430
3418 545
3418 3656
3419 2774
3419 3821
3420 579
3420 2266
3421 1687
3421 2331
3422 2047
3422 2524
3423 384
3423 4954
3424 2467
3424 2975
3425 2172
3425 4835
3426 484
3426 2202
3427 4097
3427 4894
3428 432
3428 2642
3429 511
3429 3895
3430 3730
3430 4940
3431 4543
3431 4564
3432 474
3432 2164
3433 639
3433 3439
3434 2848
3434 4010
3435 2114
3435 3557
3436 50
3436 4039
3437 1425
3437 3410
3438 2146
3438 4286
3439 171
3439 1406
3440 596
3440 3529
3441 853
3441 2508
3442 3384
3442 4237
3443 178
3443 4106
3444 330
3444 2042
3445 2498
3445 4783
3446 415
3446 3081
3447 997
3447 1609
3448 1935
3448 4441
3449 443
3449 1980
3450 2626
3450 3695
3451 83
3451 2129
3452 877
3452 2193
3453 1333
3453 4771
3454 1679
3454 2682
3455 1092
3455 4736
3456 1699
3456 3262
3457 29
3457 4571
3458 66
3458 4936
3459 813
3459 4138
3460 2608
3460 4324
3461 1078
3461 4034
3462 860
3462 969
3463 3377
3463 4942
3464 996
3464 2338
3465 2341
3465 3344
3466 1583
3466 2444
3467 414
3467 680
3468 726
3468 4239
3469 178
3469 762
3470 4291
3470 4579
3471 2012
3471 4275
3472 239
3472 785
3473 1177
3473 2320
3474 834
3474 2238
3475 3510
3475 4499
3476 3111
3476 3595
3477 620
3477 4263
3478 922
3478 2563
3479 327
3479 961
3480 169
3480 742
3481 361
3481 776
3482 3065
3482 3399
3483 577
3483 1383
3484 377
3484 3829
3485 914
3485 925
3486 678
3486 1588
3487 2244
3487 3893
3488 1973
3488 2857
3489 1968
3489 4060
3490 3167
3490 3259
3491 1739
3491 3106
3492 1464
3492 1541
3493 2809
3493 4612
3494 2727
3494 3197
3495 139
3495 1831
3496 3592
3496 3630
3497 584
3497 2045
3498 2311
3498 3002
3499 246
3499 3349
3500 2449
3500 2694
3501 1132
3501 3629
3502 2143
3502 2290
3503 546
3503 2412
3504 1047
3504 3111
3505 826
3505 2082
3506 1565
3506 2470
3507 1324
3507 1551
3508 17
3508 2545
3509 789
3509 3236
3510 3919
3510 4224
3511 1260
3511 2944
3512 659
3512 868
3513 706
3513 3019
3514 1868
3514 2399
3515 2
3515 3483
3516 2564
3516 2817
3517 435
3517 2324
3518 1522
3518 4103
3519 118
3519 4631
3520 1315
3520 3670
3521 387
3521 4226
3522 1661
3522 3461
3523 608
3523 3425
3524 2654
3524 4102
3525 3628
3525 3964
3526 2510
3526 3266
3527 2644
3527 2827
3528 1495
3528 2376
3529 652
3529 2861
3530 78
3530 715
3531 1539
3531 1546
3532 4297
3532 4757
3533 2091
3533 2997
3534 1882
3534 3567
3535 2106
3535 4112
3536 2793
3536 4096
3537 936
3537 4439
3538 789
3538 965
3539 3581
3539 3773
3540 2691
3540 3980
3541 184
3541 1293
3542 1992
3542 3607
3543 1627
3543 3684
3544 416
3544 1640
3545 1154
3545 3958
3546 255
3546 1748
3547 1226
3547 1352
3548 3389
3548 4380
3549 712
3549 4075
3550 2823
3550 4480
3551 538
3551 4839
3552 1045
3552 3886
3553 623
3553 2145
3554 3698
3554 4151
3555 1194
3555 2695
3556 375
3556 4425
3557 2283
3557 2908
3558 2211
3558 3701
3559 47
3559 3953
3560 4021
3560 4203
3561 283
3561 1629
3562 1521
3562 3117
3563 64
3563 3319
3564 1000
3564 3494
3565 1128
3565 3449
3566 427
3566 2046
3567 2167
3567 3226
3568 37
3568 275
3569 1805
3569 2917
3570 1066
3570 2980
3571 817
3571 3992
3572 4376
3572 4721
3573 2076
3573 2253
3574 472
3574 1371
3575 302
3575 908
3576 738
3576 3003
3577 786
3577 2765
3578 1622
3578 2000
3579 638
3579 2693
3580 2128
3580 4236
3581 595
3581 1398
3582 2158
3582 2901
3583 1129
3583 1984
3584 2557
3584 3721
3585 627
3585 2710
3586 2773
3586 4580
3587 2125
3587 2745
3588 3790
3588 4277
3589 1750
3589 4367
3590 1809
3590 4483
3591 1618
3591 2946
3592 844
3592 3440
3593 1446
3593 3120
3594 531
3594 1665
3595 3071
3595 4382
3596 735
3596 2165
3597 210
3597 4666
3598 3186
3598 4971
3599 4417
3599 4477
3600 282
3600 4278
3601 1061
3601 1401
3602 949
3602 4477
3603 2284
3603 4893
3604 2296
3604 3936
3605 495
3605 3535
3606 1941
3606 4796
3607 1211
3607 2272
3608 2301
3608 2864
3609 4181
3609 4395
3610 1756
3610 3197
3611 2161
3611 3275
3612 3748
3612 4566
3613 1864
3613 3925
3614 2577
3614 3316
3615 1312
3615 3471
3616 2085
3616 2919
3617 2123
3617 2943
3618 405
3618 2057
3619 3868
3619 4311
3620 4141
3620 4159
3621 1147
3621 3766
3622 174
3622 1014
3623 1657
3623 2683
3624 3561
3624 4387
3625 761
3625 3845
3626 2301
3626 4132
3627 4265
3627 4287
3628 2557
3628 4929
3629 2519
3629 2761
3630 3528
3630 4288
3631 552
3631 4713
3632 1856
3632 4472
3633 4219
3633 4796
3634 4383
3634 4600
3635 2700
3635 3171
3636 4766
3636 4906
3637 1965
3637 2400
3638 2134
3638 3793
3639 625
3639 4954
3640 459
3640 1073
3641 1490
3641 3513
3642 3634
3642 4480
3643 832
3643 2867
3644 667
3644 3895
3645 2113
3645 3476
3646 396
3646 2970
3647 3843
3647 4085
3648 1943
3648 3158
3649 2821
3649 4981
3650 918
3650 4933
3651 2393
3651 4706
3652 1138
3652 3247
3653 2812
3653 3212
3654 492
3654 1971
3655 1874
3655 4018
3656 1013
3656 1198
3657 1202
3657 3805
3658 2568
3658 3046
3659 1065
3659 3004
3660 1384
3660 3990
3661 3150
3661 4234
3662 782
3662 1934
3663 529
3663 4469
3664 3230
3664 3606
3665 736
3665 2568
3666 1517
3666 3116
3667 196
3667 638
3668 1906
3668 4824
3669 1259
3669 3737
3670 2409
3670 4411
3671 3224
3671 3810
3672 2936
3672 2995
3673 1783
3673 1908
3674 276
3674 4252
3675 2188
3675 4613
3676 1170
3676 4576
3677 1087
3677 4553
3678 1379
3678 2152
3679 931
3679 3149
3680 940
3680 4563
3681 3052
3681 4922
3682 913
3682 3172
3683 2384
3683 4348
3684 3276
3684 4876
3685 189
3685 3511
3686 1412
3686 3403
3687 223
3687 2431
3688 1608
3688 2427
3689 1888
3689 2766
3690 2954
3690 3949
3691 482
3691 494
3692 3441
3692 3973
3693 1407
3693 2397
3694 1174
3694 3573
3695 628
3695 4522
3696 1252
3696 2415
3697 2273
3697 3248
3698 1285
3698 2546
3699 1585
3699 3364
3700 3959
3700 4355
3701 2711
3701 3058
3702 2059
3702 4578
3703 2552
3703 4875
3704 2252
3704 4559
3705 1950
3705 3595
3706 3348
3706 4872
3707 922
3707 2842
3708 3350
3708 3469
3709 847
3709 1651
3710 329
3710 2650
3711 1115
3711 3643
3712 750
3712 4038
3713 518
3713 676
3714 2241
3714 3166
3715 4078
3715 4333
3716 2307
3716 4814
3717 2655
3717 3413
3718 2614
3718 4558
3719 421
3719 960
3720 2243
3720 3429
3721 1432
3721 4087
3722 3190
3722 3881
3723 3844
3723 4153
3724 2790
3724 3444
3725 695
3725 2562
3726 938
3726 2524
3727 794
3727 1564
3728 3491
3728 4729
3729 43
3729 4104
3730 46
3730 3815
3731 954
3731 3061
3732 2653
3732 3576
3733 592
3733 3689
3734 952
3734 4039
3735 3183
3735 4535
3736 730
3736 4776
3737 1675
3737 4874
3738 199
3738 2470
3739 2272
3739 4357
3740 417
3740 2754
3741 3204
3741 4868
3742 532
3742 633
3743 3024
3743 3122
3744 345
3744 4186
3745 2250
3745 3991
3746 2112
3746 4270
3747 3127
3747 4074
3748 2151
3748 3445
3749 1738
3749 4717
3750 758
3750 1835
3751 3954
3751 4849
3752 3374
3752 4760
3753 2514
3753 3613
3754 778
3754 4150
3755 2425
3755 3437
3756 416
3756 2252
3757 1713
3757 4122
3758 1059
3758 4609
3759 3794
3759 3943
3760 882
3760 3690
3761 2119
3761 4921
3762 3378
3762 4931
3763 1317
3763 2138
3764 3170
3764 4488
3765 2850
3765 3876
3766 85
3766 3117
3767 3829
3767 4535
3768 975
3768 3158
3769 3304
3769 4140
3770 1740
3770 2466
3771 86
3771 3891
3772 495
3772 3504
3773 872
3773 3906
3774 1385
3774 3286
3775 690
3775 1399
3776 194
3776 3145
3777 1423
3777 3934
3778 2286
3778 3361
3779 1242
3779 2087
3780 2004
3780 3761
3781 3001
3781 4791
3782 1770
3782 2136
3783 2214
3783 4584
3784 2651
3784 4243
3785 2704
3785 4441
3786 3559
3786 4499
3787 3977
3787 4447
3788 87
3788 4897
3789 2887
3789 3861
3790 598
3790 2402
3791 2075
3791 3031
3792 2084
3792 2205
3793 1491
3793 3913
3794 1121
3794 2237
3795 39
3795 1669
3796 923
3796 2687
3797 1348
3797 4349
3798 1485
3798 3484
3799 525
3799 3220
3800 799
3800 4200
3801 1486
3801 1846
3802 2688
3802 3836
3803 195
3803 1921
3804 2022
3804 2746
3805 271
3805 4561
3806 74
3806 1364
3807 3309
3807 3413
3808 1652
3808 3306
3809 1808
3809 3248
3810 1623
3810 4513
3811 1657
3811 2175
3812 1401
3812 4829
3813 2352
3813 3126
3814 899
3814 1951
3815 1309
3815 4810
3816 1373
3816 4816
3817 2863
3817 2994
3818 1616
3818 3126
3819 3085
3819 4174
3820 3017
3820 4790
3821 62
3821 2863
3822 2028
3822 4970
3823 1448
3823 3589
3824 527
3824 1716
3825 1857
3825 4806
3826 435
3826 4464
3827 2306
3827 3716
3828 1292
3828 4662
3829 381
3829 4273
3830 1531
3830 3615
3831 1784
3831 4830
3832 2634
3832 2770
3833 747
3833 1000
3834 2389
3834 4680
3835 2778
3835 3357
3836 1705
3836 2760
3837 3313
3837 4118
3838 3274
3838 3690
3839 45
3839 3572
3840 2507
3840 3841
3841 1761
3841 1785
3842 1054
3842 1818
3843 2036
3843 3956
3844 1853
3844 1861
3845 1921
3845 3112
3846 1225
3846 1880
3847 1118
3847 4230
3848 1319
3848 2684
3849 1255
3849 2680
3850 1326
3850 2636
3851 867
3851 1379
3852 2846
3852 3086
3853 300
3853 1751
3854 2388
3854 4661
3855 1532
3855 4085
3856 1108
3856 1168
3857 3759
3857 4898
3858 1669
3858 2625
3859 3221
3859 3605
3860 450
3860 3916
3861 1413
3861 1935
3862 2051
3862 4106
3863 2665
3863 4016
3864 4505
3864 4969
3865 2070
3865 2209
3866 2016
3866 3873
3867 247
3867 3921
3868 322
3868 459
3869 1223
3869 4577
3870 2010
3870 2182
3871 2086
3871 4679
3872 2089
3872 3390
3873 4045
3873 4221
3874 714
3874 2328
3875 3091
3875 3944
3876 1402
3876 3786
3877 1466
3877 1970
3878 2553
3878 4338
3879 2410
3879 3358
3880 2429
3880 4261
3881 699
3881 4427
3882 2166
3882 4949
3883 1127
3883 2426
3884 1504
3884 2631
3885 157
3885 3935
3886 1388
3886 3703
3887 2471
3887 4502
3888 4443
3888 4980
3889 14
3889 1732
3890 2587
3890 4538
3891 975
3891 3506
3892 1126
3892 4339
3893 718
3893 1305
3894 2039
3894 3013
3895 1728
3895 4754
3896 245
3896 3937
3897 599
3897 983
3898 1532
3898 4909
3899 2831
3899 3613
3900 689
3900 1879
3901 2251
3901 3245
3902 42
3902 1833
3903 1622
3903 4900
3904 818
3904 1913
3905 58
3905 3319
3906 2264
3906 3365
3907 1720
3907 3366
3908 1801
3908 4262
3909 1066
3909 3007
3910 3575
3910 4656
3911 1875
3911 4137
3912 60
3912 4457
3913 2506
3913 3036
3914 373
3914 3675
3915 277
3915 3764
3916 694
3916 4753
3917 509
3917 3586
3918 4154
3918 4712
3919 28
3919 3618
3920 1600
3920 2477
3921 398
3921 1787
3922 3502
3922 4289
3923 1051
3923 2373
3924 3740
3924 4968
3925 2934
3925 4335
3926 1553
3926 3601
3927 2313
3927 4430
3928 2071
3928 4627
3929 2413
3929 4824
3930 2160
3930 3192
3931 2205
3931 3301
3932 1753
3932 1823
3933 4354
3933 4574
3934 3972
3934 4713
3935 2881
3935 2913
3936 170
3936 2308
3937 3932
3937 4172
3938 1111
3938 2682
3939 524
3939 4168
3940 1648
3940 2340
3941 403
3941 2022
3942 1824
3942 2795
3943 1367
3943 3877
3944 991
3944 1896
3945 2695
3945 3295
3946 353
3946 2860
3947 900
3947 3632
3948 3724
3948 4592
3949 1596
3949 4831
3950 1723
3950 2208
3951 973
3951 1757
3952 1434
3952 2170
3953 1615
3953 1974
3954 1714
3954 2183
3955 3773
3955 4575
3956 3069
3956 3649
3957 2025
3957 4188
3958 1513
3958 4927
3959 1340
3959 1560
3960 4142
3960 4886
3961 179
3961 1184
3962 358
3962 1204
3963 3622
3963 4288
3964 4359
3964 4869
3965 2441
3965 3889
3966 986
3966 4858
3967 3885
3967 4643
3968 1274
3968 3565
3969 553
3969 4904
3970 2706
3970 4961
3971 900
3971 3436
3972 3553
3972 3853
3973 976
3973 3270
3974 1099
3974 3565
3975 3183
3975 4602
3976 2081
3976 2677
3977 108
3977 910
3978 3108
3978 4880
3979 303
3979 1562
3980 346
3980 763
3981 754
3981 2010
3982 105
3982 1387
3983 3534
3983 4327
3984 13
3984 1653
3985 1529
3985 3064
3986 2840
3986 3922
3987 382
3987 2405
3988 3313
3988 4373
3989 3003
3989 4377
3990 4442
3990 4852
3991 2200
3991 4539
3992 2008
3992 2365
3993 1567
3993 2518
3994 1397
3994 4510
3995 94
3995 3340
3996 457
3996 4330
3997 500
3997 670
3998 567
3998 4952
3999 2446
3999 2537
4000 357
4000 4589
4001 3858
4001 4992
4002 2190
4002 4862
4003 410
4003 2329
4004 861
4004 2968
4005 423
4005 2213
4006 1628
4006 4468
4007 601
4007 3518
4008 20
4008 1473
4009 1257
4009 4368
4010 3444
4010 4372
4011 2356
4011 4167
4012 350
4012 4006
4013 4438
4013 4804
4014 2956
4014 4693
4015 666
4015 4726
4016 3032
4016 3456
4017 1646
4017 4684
4018 1915
4018 3938
4019 1332
4019 4822
4020 254
4020 526
4021 356
4021 805
4022 1047
4022 3292
4023 3012
4023 4644
4024 1262
4024 3620
4025 3731
4025 4121
4026 3174
4026 3394
4027 2858
4027 4266
4028 1210
4028 1343
4029 539
4029 2966
4030 2665
4030 2883
4031 2157
4031 2493
4032 3562
4032 4097
4033 929
4033 1489
4034 806
4034 4051
4035 2134
4035 4470
4036 1488
4036 3667
4037 2574
4037 2764
4038 54
4038 4873
4039 1583
4039 4898
4040 1221
4040 3791
4041 3387
4041 3395
4042 3493
4042 3563
4043 840
4043 1498
4044 1086
4044 4723
4045 562
4045 3225
4046 1677
4046 2460
4047 1504
4047 1540
4048 2372
4048 3603
4049 2142
4049 4345
4050 815
4050 2637
4051 1245
4051 2176
4052 2734
4052 3988
4053 1281
4053 3968
4054 687
4054 1588
4055 1620
4055 2411
4056 1225
4056 4929
4057 543
4057 1946
4058 648
4058 4665
4059 614
4059 3252
4060 1174
4060 3157
4061 2227
4061 3743
4062 2544
4062 4520
4063 1187
4063 4960
4064 1152
4064 4728
4065 1191
4065 4415
4066 1647
4066 3693
4067 1414
4067 3693
4068 1877
4068 4534
4069 230
4069 3604
4070 2748
4070 3405
4071 594
4071 1949
4072 1240
4072 4427
4073 1430
4073 2153
4074 2308
4074 3645
4075 3404
4075 4065
4076 1784
4076 1932
4077 1730
4077 1765
4078 2118
4078 2924
4079 977
4079 4997
4080 2745
4080 4118
4081 2657
4081 4323
4082 6
4082 2484
4083 1929
4083 3624
4084 1207
4084 3734
4085 1675
4085 3799
4086 557
4086 4650
4087 1788
4087 2788
4088 316
4088 2743
4089 63
4089 4054
4090 1718
4090 4944
4091 1222
4091 4032
4092 1018
4092 3749
4093 2540
4093 3656
4094 2290
4094 2595
4095 1884
4095 3087
4096 2421
4096 3265
4097 350
4097 1674
4098 2709
4098 4193
4099 4317
4099 4793
4100 2131
4100 2369
4101 1831
4101 4552
4102 838
4102 2394
4103 3526
4103 4356
4104 2683
4104 4206
4105 371
4105 4891
4106 3637
4106 4765
4107 1121
4107 2472
4108 1098
4108 1243
4109 4009
4109 4472
4110 1194
4110 2818
4111 1011
4111 4329
4112 1684
4112 4516
4113 749
4113 4003
4114 894
4114 4658
4115 2303
4115 2754
4116 920
4116 4170
4117 1347
4117 2077
4118 573
4118 4143
4119 1961
4119 4837
4120 1793
4120 4196
4121 2962
4121 4121
4122 852
4122 3707
4123 393
4123 3447
4124 3429
4124 4968
4125 2275
4125 3241
4126 2446
4126 2836
4127 821
4127 1081
4128 3053
4128 4787
4129 2858
4129 3254
4130 309
4130 647
4131 3021
4131 3594
4132 326
4132 2274
4133 1046
4133 2213
4134 25
4134 1255
4135 3103
4135 4230
4136 1471
4136 3259
4137 3075
4137 3221
4138 501
4138 3074
4139 1064
4139 3843
4140 1302
4140 1957
4141 306
4141 4396
4142 493
4142 801
4143 1545
4143 3765
4144 700
4144 2789
4145 839
4145 3675
4146 504
4146 2350
4147 1650
4147 3971
4148 1154
4148 1457
4149 1925
4149 4386
4150 451
4150 3403
4151 1247
4151 2810
4152 1235
4152 1693
4153 1026
4153 1263
4154 47
4154 2532
4155 1693
4155 3074
4156 237
4156 1758
4157 871
4157 2911
4158 2869
4158 4746
4159 811
4159 4047
4160 2103
4160 3208
4161 1858
4161 2398
4162 4595
4162 4598
4163 1476
4163 3027
4164 3393
4164 3482
4165 2526
4165 4064
4166 621
4166 4560
4167 2123
4167 4682
4168 1075
4168 2140
4169 112
4169 3264
4170 1598
4170 3484
4171 1081
4171 2016
4172 3036
4172 3651
4173 740
4173 2457
4174 1469
4174 1538
4175 2527
4175 4693
4176 3026
4176 4521
4177 498
4177 4381
4178 131
4178 4305
4179 4117
4179 4925
4180 1283
4180 4186
4181 3579
4181 4756
4182 401
4182 3445
4183 372
4183 2741
4184 2413
4184 3067
4185 1803
4185 3298
4186 2645
4186 2715
4187 3666
4187 4942
4188 190
4188 4543
4189 2752
4189 2786
4190 3432
4190 4129
4191 2509
4191 4538
4192 974
4192 1017
4193 1470
4193 3662
4194 224
4194 2527
4195 467
4195 2482
4196 589
4196 1037
4197 16
4197 2903
4198 4332
4198 4370
4199 1221
4199 4448
4200 568
4200 2978
4201 2494
4201 4135
4202 2821
4202 4029
4203 159
4203 2556
4204 4125
4204 4539
4205 461
4205 825
4206 1815
4206 2422
4207 1004
4207 4269
4208 1131
4208 2214
4209 951
4209 3596
4210 1129
4210 3652
4211 1749
4211 2053
4212 2081
4212 4133
4213 3552
4213 3800
4214 431
4214 1431
4215 1493
4215 3599
4216 368
4216 2844
4217 2262
4217 2866
4218 389
4218 4143
4219 944
4219 3318
4220 956
4220 1741
4221 1433
4221 2345
4222 1491
4222 4734
4223 1318
4223 3391
4224 1777
4224 1879
4225 3201
4225 4390
4226 515
4226 3039
4227 442
4227 2789
4228 314
4228 2737
4229 2174
4229 3233
4230 3145
4230 4515
4231 296
4231 857
4232 2851
4232 4011
4233 986
4233 2708
4234 1771
4234 4503
4235 4262
4235 4696
4236 3456
4236 3991
4237 248
4237 352
4238 2580
4238 2830
4239 2191
4239 3959
4240 844
4240 3805
4241 136
4241 3650
4242 563
4242 1897
4243 2583
4243 3827
4244 2269
4244 2294
4245 968
4245 1162
4246 2567
4246 4892
4247 530
4247 1578
4248 1074
4248 1736
4249 1441
4249 2403
4250 804
4250 1781
4251 82
4251 4514
4252 376
4252 1790
4253 3362
4253 4099
4254 3464
4254 3958
4255 2260
4255 2529
4256 425
4256 4995
4257 3200
4257 3760
4258 1748
4258 2041
4259 479
4259 3331
4260 285
4260 4827
4261 173
4261 1049
4262 1922
4262 2478
4263 2098
4263 3161
4264 1997
4264 4944
4265 4033
4265 4486
4266 1413
4266 4120
4267 4703
4267 4871
4268 151
4268 1386
4269 157
4269 2146
4270 1969
4270 4770
4271 1534
4271 1938
4272 4376
4272 4426
4273 1151
4273 3271
4274 3855
4274 4379
4275 3185
4275 3589
4276 108
4276 3621
4277 1096
4277 2517
4278 763
4278 4606
4279 2117
4279 2616
4280 1674
4280 4896
4281 3130
4281 3737
4282 559
4282 1456
4283 3435
4283 4537
4284 1162
4284 2368
4285 1435
4285 3784
4286 593
4286 3804
4287 4326
4287 4815
4288 460
4288 3909
4289 21
4289 4255
4290 2072
4290 4338
4291 1229
4291 1481
4292 1074
4292 4608
4293 1182
4293 1992
4294 784
4294 3899
4295 44
4295 1357
4296 1988
4296 2936
4297 1257
4297 4583
4298 1582
4298 1913
4299 1063
4299 3768
4300 563
4300 2069
4301 1811
4301 2942
4302 3954
4302 4647
4303 438
4303 1451
4304 3802
4304 4624
4305 306
4305 4482
4306 1387
4306 1940
4307 3323
4307 4197
4308 342
4308 2005
4309 3661
4309 4470
4310 2906
4310 4820
4311 2238
4311 4389
4312 1158
4312 3148
4313 1830
4313 3851
4314 2220
4314 3551
4315 4139
4315 4804
4316 4025
4316 4795
4317 4108
4317 4384
4318 2596
4318 4901
4319 776
4319 2436
4320 1991
4320 3941
4321 2623
4321 4707
4322 1883
4322 2094
4323 4743
4323 4969
4324 236
4324 2945
4325 2189
4325 3211
4326 1307
4326 3767
4327 3015
4327 3668
4328 2629
4328 2842
4329 3525
4329 4059
4330 1396
4330 1914
4331 2257
4331 2710
4332 3678
4332 4352
4333 18
4333 356
4334 3597
4334 4835
4335 1320
4335 1450
4336 4095
4336 4854
4337 3010
4337 4082
4338 3296
4338 4913
4339 3124
4339 4170
4340 775
4340 957
4341 1689
4341 4788
4342 215
4342 3222
4343 463
4343 3712
4344 1316
4344 1373
4345 2440
4345 4007
4346 1952
4346 4077
4347 2112
4347 3206
4348 1516
4348 4972
4349 1065
4349 2299
4350 2769
4350 2794
4351 133
4351 426
4352 2990
4352 3648
4353 3474
4353 3862
4354 2876
4354 4618
4355 1658
4355 4397
4356 889
4356 3234
4357 1967
4357 3788
4358 1886
4358 4136
4359 1242
4359 2429
4360 2951
4360 4315
4361 703
4361 4151
4362 216
4362 2032
4363 2469
4363 2948
4364 1008
4364 3906
4365 4361
4365 4593
4366 564
4366 1696
4367 4353
4367 4745
4368 91
4368 4152
4369 2117
4369 4476
4370 286
4370 4032
4371 874
4371 2124
4372 125
4372 283
4373 2508
4373 4019
4374 1507
4374 2725
4375 3908
4375 4200
4376 1701
4376 2491
4377 767
4377 833
4378 1762
4378 2765
4379 630
4379 3290
4380 3894
4380 4233
4381 662
4381 3739
4382 3593
4382 3631
4383 153
4383 4857
4384 2832
4384 3223
4385 321
4385 2104
4386 531
4386 2303
4387 1641
4387 3917
4388 1243
4388 3321
4389 4124
4389 4758
4390 804
4390 1085
4391 4017
4391 4450
4392 206
4392 3389
4393 391
4393 585
4394 318
4394 3639
4395 1070
4395 2274
4396 1380
4396 4752
4397 2222
4397 3274
4398 2021
4398 4449
4399 12
4399 1620
4400 1012
4400 4670
4401 4423
4401 4672
4402 3687
4402 4807
4403 2226
4403 3798
4404 1616
4404 4683
4405 475
4405 3950
4406 934
4406 2778
4407 156
4407 4745
4408 669
4408 4654
4409 57
4409 971
4410 3078
4410 3839
4411 1836
4411 3066
4412 1506
4412 2387
4413 2442
4413 4936
4414 1112
4414 4594
4415 2109
4415 2628
4416 4066
4416 4377
4417 662
4417 2302
4418 1
4418 1924
4419 1062
4419 3953
4420 1968
4420 4621
4421 1539
4421 3084
4422 2075
4422 4289
4423 2187
4423 3754
4424 252
4424 2408
4425 147
4425 1917
4426 4223
4426 4411
4427 2654
4427 3417
4428 2548
4428 2920
4429 2755
4429 4474
4430 1790
4430 2991
4431 2090
4431 2211
4432 424
4432 1055
4433 3957
4433 4625
4434 1454
4434 3957
4435 2334
4435 2892
4436 3131
4436 4243
4437 1303
4437 4910
4438 1593
4438 2388
4439 1798
4439 3627
4440 187
4440 757
4441 946
4441 4924
4442 1212
4442 4382
4443 1769
4443 3442
4444 2603
4444 4934
4445 512
4445 968
4446 1592
4446 3892
4447 1050
4447 1299
4448 339
4448 4398
4449 366
4449 3165
4450 1217
4450 2180
4451 3450
4451 4093
4452 1252
4452 2636
4453 790
4453 4479
4454 911
4454 2194
4455 3478
4455 4379
4456 1037
4456 1847
4457 3367
4457 3457
4458 2718
4458 2794
4459 2805
4459 3071
4460 546
4460 1178
4461 2285
4461 3942
4462 853
4462 4318
4463 2433
4463 3139
4464 2576
4464 4998
4465 2096
4465 3910
4466 999
4466 2897
4467 2019
4467 4321
4468 1105
4468 4917
4469 53
4469 2161
4470 346
4470 3196
4471 843
4471 2714
4472 265
4472 1477
4473 4258
4473 4921
4474 845
4474 4698
4475 3455
4475 3610
4476 3083
4476 4217
4477 1363
4477 2005
4478 1286
4478 2855
4479 192
4479 2938
4480 349
4480 4035
4481 1210
4481 4971
4482 1298
4482 2941
4483 199
4483 2468
4484 1681
4484 3582
4485 211
4485 578
4486 580
4486 2338
4487 406
4487 1560
4488 162
4488 1816
4489 550
4489 3818
4490 3504
4490 4155
4491 22
4491 4728
4492 68
4492 1971
4493 1253
4493 2167
4494 2164
4494 2375
4495 371
4495 4012
4496 683
4496 1985
4497 548
4497 4653
4498 990
4498 2181
4499 1949
4499 4995
4500 1409
4500 2838
4501 565
4501 4256
4502 2326
4502 3704
4503 1581
4503 3875
4504 543
4504 4410
4505 257
4505 1946
4506 1830
4506 2233
4507 2614
4507 2744
4508 1939
4508 4340
4509 386
4509 619
4510 819
4510 2381
4511 516
4511 2264
4512 196
4512 746
4513 1995
4513 2204
4514 4242
4514 4885
4515 1369
4515 4235
4516 1518
4516 3309
4517 3663
4517 3960
4518 3600
4518 4407
4519 4220
4519 4399
4520 2346
4520 3671
4521 1222
4521 4550
4522 2608
4522 3294
4523 3682
4523 4920
4524 1357
4524 2949
4525 445
4525 4266
4526 1867
4526 3273
4527 221
4527 4953
4528 1362
4528 4272
4529 541
4529 2162
4530 254
4530 964
4531 670
4531 698
4532 182
4532 1207
4533 1288
4533 2162
4534 256
4534 1670
4535 3030
4535 3699
4536 1340
4536 2999
4537 2824
4537 4494
4538 4083
4538 4730
4539 1574
4539 4517
4540 299
4540 894
4541 1393
4541 3346
4542 372
4542 2494
4543 3404
4543 4453
4544 1885
4544 3577
4545 965
4545 4637
4546 976
4546 2324
4547 2475
4547 4993
4548 1753
4548 4508
4549 3376
4549 4635
4550 1743
4550 2443
4551 1006
4551 2021
4552 2335
4552 2572
4553 2395
4553 3984
4554 2687
4554 4819
4555 874
4555 2367
4556 3229
4556 4139
4557 1151
4557 1659
4558 2578
4558 3852
4559 604
4559 4157
4560 2870
4560 4419
4561 294
4561 1196
4562 646
4562 1763
4563 673
4563 4940
4564 244
4564 4952
4565 1427
4565 2859
4566 1142
4566 1338
4567 1510
4567 3669
4568 1943
4568 3272
4569 993
4569 1729
4570 668
4570 2620
4571 1368
4571 2937
4572 2376
4572 3028
4573 1519
4573 3637
4574 2841
4574 2844
4575 3229
4575 3746
4576 1495
4576 3052
4577 2411
4577 4041
4578 3487
4578 4531
4579 1629
4579 2121
4580 587
4580 1039
4581 1940
4581 2597
4582 4283
4582 4763
4583 1143
4583 1589
4584 160
4584 3049
4585 265
4585 4195
4586 797
4586 3869
4587 1801
4587 3549
4588 83
4588 2671
4589 1329
4589 3623
4590 657
4590 1043
4591 718
4591 2363
4592 200
4592 3729
4593 2810
4593 3764
4594 3307
4594 3946
4595 1400
4595 4431
4596 1052
4596 2536
4597 4615
4597 4638
4598 602
4598 4956
4599 834
4599 2639
4600 2143
4600 4996
4601 3400
4601 4837
4602 252
4602 901
4603 1986
4603 4533
4604 473
4604 3781
4605 4210
4605 4386
4606 207
4606 1405
4607 2244
4607 3439
4608 124
4608 3285
4609 2439
4609 4307
4610 2089
4610 4108
4611 2465
4611 4951
4612 4135
4612 4602
4613 2459
4613 4916
4614 1053
4614 4601
4615 697
4615 4648
4616 1524
4616 3569
4617 439
4617 3181
4618 665
4618 1298
4619 1526
4619 4012
4620 3535
4620 4700
4621 2232
4621 2612
4622 2605
4622 4588
4623 573
4623 985
4624 390
4624 895
4625 967
4625 2935
4626 225
4626 3507
4627 1079
4627 1452
4628 39
4628 4395
4629 476
4629 3536
4630 1263
4630 2980
4631 612
4631 2425
4632 1996
4632 4623
4633 65
4633 3471
4634 286
4634 4832
4635 3912
4635 4295
4636 1690
4636 2452
4637 11
4637 368
4638 2455
4638 3560
4639 3372
4639 3591
4640 1323
4640 2246
4641 72
4641 972
4642 584
4642 3123
4643 2928
4643 4215
4644 1498
4644 2758
4645 881
4645 1082
4646 1842
4646 2942
4647 328
4647 810
4648 963
4648 1956
4649 1265
4649 2691
4650 2543
4650 3883
4651 646
4651 1169
4652 386
4652 2536
4653 560
4653 624
4654 884
4654 3101
4655 2661
4655 3337
4656 2871
4656 3093
4657 1404
4657 3191
4658 488
4658 2981
4659 1786
4659 4274
4660 76
4660 4127
4661 747
4661 1147
4662 2517
4662 3635
4663 229
4663 3770
4664 419
4664 1945
4665 1013
4665 3640
4666 2206
4666 4678
4667 1216
4667 4192
4668 505
4668 3156
4669 1301
4669 2923
4670 1798
4670 4759
4671 3583
4671 4981
4672 1683
4672 3912
4673 935
4673 3338
4674 154
4674 4875
4675 1352
4675 3555
4676 1766
4676 4369
4677 1057
4677 2052
4678 112
4678 452
4679 1408
4679 3622
4680 1241
4680 3357
4681 2699
4681 3025
4682 2521
4682 4215
4683 191
4683 298
4684 574
4684 4165
4685 72
4685 4359
4686 3956
4686 4962
4687 493
4687 2871
4688 3182
4688 4392
4689 2039
4689 3421
4690 186
4690 627
4691 2304
4691 4605
4692 2006
4692 4619
4693 1113
4693 2851
4694 959
4694 4667
4695 249
4695 2056
4696 4372
4696 4440
4697 316
4697 1960
4698 728
4698 2629
4699 159
4699 4620
4700 2571
4700 4677
4701 1400
4701 4695
4702 723
4702 2288
4703 1028
4703 4868
4704 3048
4704 4808
4705 2988
4705 4626
4706 753
4706 1059
4707 1561
4707 2698
4708 1843
4708 2899
4709 201
4709 1238
4710 234
4710 2111
4711 517
4711 4851
4712 760
4712 4601
4713 3001
4713 4751
4714 383
4714 1652
4715 3836
4715 4792
4716 1111
4716 4688
4717 127
4717 1080
4718 1071
4718 1101
4719 504
4719 4786
4720 2816
4720 4920
4721 1688
4721 3677
4722 1290
4722 4380
4723 1109
4723 2576
4724 135
4724 2256
4725 1927
4725 2578
4726 1998
4726 2287
4727 169
4727 2171
4728 2193
4728 4381
4729 2910
4729 2972
4730 740
4730 3302
4731 228
4731 324
4732 4068
4732 4590
4733 3951
4733 4668
4734 163
4734 4608
4735 1139
4735 3777
4736 457
4736 4297
4737 1365
4737 3970
4738 1633
4738 2221
4739 2121
4739 2910
4740 2432
4740 2893
4741 1350
4741 3237
4742 3210
4742 4206
4743 174
4743 1984
4744 1501
4744 4800
4745 1550
4745 1597
4746 2987
4746 3616
4747 524
4747 3260
4748 242
4748 2305
4749 2265
4749 2837
4750 2666
4750 3500
4751 3826
4751 3931
4752 2989
4752 2992
4753 197
4753 1102
4754 528
4754 575
4755 4366
4755 4948
4756 1572
4756 4849
4757 1275
4757 4613
4758 1866
4758 4468
4759 1438
4759 2642
4760 2903
4760 4599
4761 2293
4761 2300
4762 3880
4762 4079
4763 3498
4763 4893
4764 1475
4764 3818
4765 284
4765 1892
4766 752
4766 3774
4767 485
4767 2062
4768 317
4768 2354
4769 2503
4769 3718
4770 1480
4770 2007
4771 519
4771 1775
4772 122
4772 905
4773 980
4773 3035
4774 1702
4774 2357
4775 2085
4775 3137
4776 4314
4776 4763
4777 3392
4777 3610
4778 1767
4778 3081
4779 3057
4779 3919
4780 3744
4780 4888
4781 1366
4781 3422
4782 1706
4782 3691
4783 218
4783 1565
4784 840
4784 891
4785 332
4785 3090
4786 3840
4786 4324
4787 780
4787 4180
4788 241
4788 1447
4789 540
4789 903
4790 3122
4790 3759
4791 2461
4791 4174
4792 3153
4792 4681
4793 4680
4793 4808
4794 2428
4794 3307
4795 1958
4795 2852
4796 2611
4796 3224
4797 4
4797 3937
4798 1643
4798 2950
4799 1056
4799 1169
4800 280
4800 2215
4801 2590
4801 3783
4802 926
4802 4846
4803 2882
4803 3339
4804 2141
4804 2228
4805 1676
4805 4211
4806 3559
4806 4194
4807 1745
4807 2854
4808 184
4808 725
4809 3922
4809 4148
4810 962
4810 2498
4811 3160
4811 4175
4812 1440
4812 2389
4813 4585
4813 4970
4814 1076
4814 4780
4815 1579
4815 3902
4816 2597
4816 4803
4817 2023
4817 4749
4818 3355
4818 3642
4819 1088
4819 2139
4820 1332
4820 4244
4821 135
4821 2404
4822 2633
4822 3465
4823 1634
4823 4342
4824 4091
4824 4843
4825 1342
4825 4364
4826 173
4826 3642
4827 1048
4827 2870
4828 1663
4828 1799
4829 1721
4829 4086
4830 1286
4830 3674
4831 697
4831 4212
4832 1010
4832 2032
4833 273
4833 1918
4834 3605
4834 4110
4835 4005
4835 4834
4836 3972
4836 4750
4837 2613
4837 4729
4838 1509
4838 2150
4839 2234
4839 4000
4840 2309
4840 4396
4841 648
4841 2432
4842 3147
4842 3489
4843 147
4843 4178
4844 464
4844 4634
4845 48
4845 2254
4846 1204
4846 3128
4847 2748
4847 2889
4848 2610
4848 2719
4849 3299
4849 3619
4850 1619
4850 1944
4851 146
4851 1457
4852 3514
4852 4033
4853 1827
4853 2856
4854 1003
4854 2366
4855 177
4855 1605
4856 1417
4856 1776
4857 1928
4857 4309
4858 3034
4858 4222
4859 647
4859 3522
4860 3018
4860 3801
4861 1499
4861 3090
4862 659
4862 2417
4863 109
4863 3037
4864 3453
4864 3851
4865 1205
4865 1742
4866 2689
4866 3334
4867 1990
4867 4525
4868 738
4868 2029
4869 3930
4869 4547
4870 95
4870 399
4871 3568
4871 4757
4872 4449
4872 4513
4873 1575
4873 2317
4874 1621
4874 3714
4875 2681
4875 4052
4876 869
4876 3849
4877 736
4877 2933
4878 168
4878 4882
4879 2270
4879 3152
4880 2617
4880 3242
4881 1500
4881 3068
4882 3110
4882 4504
4883 1203
4883 3124
4884 1220
4884 4310
4885 2327
4885 3792
4886 3261
4886 3555
4887 3238
4887 3318
4888 3030
4888 4459
4889 3667
4889 4392
4890 328
4890 3427
4891 936
4891 4648
4892 3550
4892 4881
4893 1570
4893 2453
4894 1437
4894 3368
4895 1709
4895 1899
4896 966
4896 1407
4897 963
4897 1411
4898 3250
4898 3521
4899 1855
4899 3199
4900 2978
4900 3497
4901 3962
4901 4647
4902 1202
4902 1534
4903 785
4903 1563
4904 1703
4904 2815
4905 3731
4905 3926
4906 1050
4906 4555
4907 3997
4907 4783
4908 2927
4908 2940
4909 658
4909 3184
4910 1161
4910 3509
4911 787
4911 3578
4912 2314
4912 2673
4913 872
4913 914
4914 2386
4914 2555
4915 1171
4915 3774
4916 2641
4916 4761
4917 3107
4917 4417
4918 4041
4918 4226
4919 3047
4919 4467
4920 2078
4920 3373
4921 4400
4921 4603
4922 341
4922 1089
4923 1416
4923 2992
4924 3083
4924 4274
4925 782
4925 983
4926 895
4926 1406
4927 1484
4927 1767
4928 575
4928 4385
4929 1372
4929 4519
4930 2560
4930 3272
4931 293
4931 4238
4932 175
4932 1418
4933 1976
4933 3612
4934 848
4934 4628
4935 707
4935 3974
4936 1893
4936 4280
4937 2433
4937 2551
4938 2560
4938 2699
4939 684
4939 1355
4940 2178
4940 3343
4941 2267
4941 3244
4942 932
4942 1726
4943 3168
4943 3405
4944 807
4944 4024
4945 772
4945 2279
4946 401
4946 3909
4947 1876
4947 3688
4948 1666
4948 2835
4949 3288
4949 4149
4950 1781
4950 2915
4951 170
4951 2589
4952 2600
4952 4265
4953 1312
4953 1426
4954 2728
4954 3436
4955 2918
4955 4282
4956 1638
4956 3500
4957 552
4957 3842
4958 569
4958 2671
4959 554
4959 4983
4960 2646
4960 4823
4961 1020
4961 2479
4962 257
4962 1699
4963 224
4963 485
4964 96
4964 3159
4965 2541
4965 3899
4966 1538
4966 3361
4967 2431
4967 4210
4968 5
4968 4591
4969 772
4969 4772
4970 3761
4970 3824
4971 1273
4971 2094
4972 2222
4972 4248
4973 244
4973 2944
4974 2415
4974 3518
4975 581
4975 3981
4976 84
4976 4709
4977 3491
4977 3763
4978 417
4978 1639
4979 2151
4979 2873
4980 278
4980 331
4981 2033
4981 2092
4982 362
4982 2872
4983 234
4983 1760
4984 4159
4984 4599
4985 1053
4985 3766
4986 824
4986 3292
4987 86
4987 1380
4988 1662
4988 1871
4989 4681
4989 4863
4990 338
4990 4433
4991 884
4991 1834
4992 2204
4992 2441
4993 1103
4993 1973
4994 768
4994 979
4995 2952
4995 4241
4996 4163
4996 4660
4997 4432
4997 4926
4998 3046
4998 3337
4999 1887
4999 3653
5000 798
5000 2616
