100 204
1 25
1 95
2 36
2 70
3 57
3 99
4 33
4 74
4 98
5 23
5 93
6 35
6 86
7 52
7 82
8 7
8 57
9 4
9 5
10 3
10 81
11 5
11 64
12 16
12 40
13 49
13 94
14 53
14 61
15 41
15 80
16 34
16 54
17 42
17 77
18 48
18 67
19 3
19 30
20 9
20 51
21 31
21 72
22 10
22 27
23 1
23 96
24 63
24 67
25 19
25 56
26 91
26 95
27 83
27 91
28 32
28 48
29 8
29 25
30 32
30 85
31 73
31 88
32 24
32 39
33 14
33 66
34 11
34 78
35 86
35 90
36 12
36 17
37 45
37 75
38 44
38 45
39 34
39 47
40 17
40 72
41 71
41 84
42 35
42 75
43 21
43 29
44 28
44 60
45 18
45 60
45 83
46 8
46 22
47 37
47 94
48 58
48 62
49 27
49 42
50 13
50 81
51 9
51 89
52 41
52 73
53 22
53 59
54 53
54 91
54 99
55 11
55 13
56 56
56 97
57 2
57 64
58 51
58 76
59 33
59 52
60 23
60 58
61 68
61 88
62 28
62 61
63 47
63 66
64 7
64 18
65 49
65 65
66 79
66 96
67 82
67 84
68 6
68 38
69 20
69 69
70 62
70 98
71 68
71 69
72 30
72 74
73 65
73 80
74 2
74 4
75 24
75 92
76 38
76 55
77 78
77 85
78 14
78 26
79 1
79 37
80 43
80 87
81 50
81 97
82 59
82 90
83 31
83 79
84 12
84 19
84 44
85 43
85 100
86 29
86 77
87 15
87 55
88 56
88 70
89 6
89 100
90 36
90 62
91 92
91 93
92 26
92 95
93 10
93 15
94 39
94 46
95 20
95 46
96 71
96 89
97 63
97 76
98 50
98 87
99 21
99 54
100 16
100 40
