1000 2000
1 554
1 819
2 616
2 978
3 887
3 908
4 148
4 466
5 751
5 939
6 660
6 864
7 79
7 548
8 27
8 602
9 600
9 849
10 32
10 277
11 877
11 980
12 107
12 779
13 457
13 739
14 88
14 704
15 582
15 652
16 606
16 626
17 502
17 964
18 889
18 901
19 149
19 349
20 828
20 963
21 670
21 726
22 605
22 825
23 125
23 776
24 53
24 396
25 669
25 749
26 719
26 783
27 121
27 747
28 322
28 814
29 167
29 541
30 205
30 441
31 709
31 987
32 700
32 834
33 123
33 638
34 200
34 494
35 248
35 419
36 63
36 204
37 375
37 764
38 150
38 571
39 591
39 979
40 497
40 660
41 761
41 949
42 268
42 976
43 228
43 239
44 8
44 700
45 438
45 489
46 677
46 888
47 299
47 865
48 348
48 410
49 433
49 898
50 62
50 548
51 334
51 565
52 15
52 275
53 576
53 696
54 447
54 993
55 79
55 937
56 157
56 758
57 475
57 975
58 603
58 867
59 422
59 506
60 391
60 638
61 629
61 637
62 784
62 962
63 70
63 624
64 599
64 847
65 269
65 308
66 469
66 748
67 59
67 307
68 318
68 816
69 553
69 830
70 83
70 871
71 826
71 904
72 157
72 813
73 165
73 531
74 448
74 536
75 290
75 930
76 280
76 666
77 420
77 468
78 703
78 912
79 231
79 755
80 219
80 321
81 300
81 620
82 393
82 585
83 41
83 134
84 383
84 451
85 370
85 922
86 96
86 796
87 369
87 991
88 172
88 242
89 133
89 885
90 9
90 598
91 1
91 982
92 100
92 762
93 151
93 510
94 52
94 778
95 497
95 881
96 86
96 613
97 610
97 781
98 232
98 555
99 159
99 996
100 113
100 709
101 683
101 900
102 295
102 637
103 435
103 680
104 347
104 488
105 678
105 891
106 35
106 211
107 257
107 961
108 343
108 483
109 270
109 687
110 21
110 416
111 381
111 867
112 180
112 632
113 304
113 539
114 143
114 470
115 878
115 998
116 711
116 748
117 93
117 229
118 188
118 651
119 331
119 960
120 496
120 567
121 182
121 207
122 516
122 710
123 95
123 589
124 116
124 555
125 181
125 204
126 238
126 868
127 732
127 743
128 736
128 989
129 208
129 733
130 161
130 380
131 430
131 959
132 34
132 642
133 129
133 804
134 16
134 404
135 717
135 861
136 594
136 839
137 25
137 217
138 351
138 423
139 64
139 766
140 363
140 650
141 176
141 226
142 152
142 402
143 73
143 581
144 628
144 903
145 156
145 503
146 379
146 983
147 163
147 400
148 445
148 738
149 679
149 727
150 55
150 136
151 36
151 286
152 355
152 456
153 485
153 738
154 319
154 531
155 433
155 538
156 759
156 947
157 240
157 344
158 9
158 256
159 780
159 948
160 46
160 365
161 76
161 982
162 291
162 319
163 191
163 814
164 203
164 881
165 577
165 628
166 403
166 909
167 773
167 940
168 150
168 578
169 292
169 349
170 753
170 830
171 67
171 154
172 416
172 820
173 330
173 580
174 835
174 848
175 343
175 509
176 463
176 535
177 970
177 988
178 248
178 398
179 101
179 979
180 96
180 699
181 83
181 478
182 347
182 984
183 498
183 705
184 77
184 182
185 746
185 788
186 112
186 994
187 28
187 317
188 611
188 915
189 137
189 949
190 605
190 846
191 437
191 801
192 132
192 412
193 426
193 851
194 724
194 986
195 607
195 791
196 22
196 541
197 241
197 950
198 264
198 685
199 459
199 519
200 208
200 849
201 314
201 879
202 633
202 847
203 117
203 175
204 89
204 136
205 550
205 651
206 315
206 443
207 295
207 327
208 642
208 714
209 585
209 838
210 17
210 791
211 614
211 831
212 808
212 820
213 348
213 942
214 362
214 483
215 251
215 914
216 99
216 649
217 70
217 368
218 98
218 302
219 53
219 394
220 691
220 778
221 296
221 645
222 754
222 780
223 51
223 929
224 229
224 936
225 57
225 871
226 187
226 810
227 289
227 958
228 508
228 538
229 449
229 561
230 239
230 447
231 28
231 808
232 569
232 836
233 647
233 760
234 971
234 999
235 44
235 682
236 546
236 953
237 713
237 767
238 224
238 518
239 396
239 489
240 194
240 262
241 339
241 506
242 144
242 577
243 357
243 461
244 312
244 834
245 513
245 906
246 186
246 265
247 739
247 802
248 667
248 749
249 461
249 833
250 533
250 634
251 644
251 697
252 684
252 686
253 383
253 493
254 334
254 789
255 3
255 946
256 73
256 928
257 523
257 817
258 230
258 436
259 64
259 650
260 828
260 919
261 408
261 786
262 566
262 997
263 472
263 994
264 246
264 323
265 813
265 939
266 159
266 491
267 932
267 945
268 360
268 390
269 665
269 742
270 276
270 618
271 123
271 818
272 837
272 980
273 360
273 470
274 427
274 995
275 166
275 422
276 399
276 723
277 60
277 792
278 434
278 991
279 185
279 775
280 438
280 961
281 31
281 388
282 234
282 516
283 617
283 675
284 418
284 897
285 406
285 821
286 310
286 970
287 135
287 906
288 23
288 631
289 367
289 952
290 464
290 492
291 566
291 915
292 11
292 934
293 117
293 790
294 163
294 175
295 309
295 395
296 41
296 747
297 821
297 985
298 450
298 726
299 105
299 423
300 145
300 996
301 314
301 540
302 14
302 127
303 332
303 795
304 99
304 785
305 100
305 898
306 455
306 879
307 21
307 227
308 8
308 869
309 282
309 668
310 323
310 557
311 253
311 544
312 179
312 563
313 674
313 916
314 448
314 599
315 231
315 734
316 375
316 917
317 67
317 216
318 6
318 586
319 211
319 289
320 257
320 722
321 381
321 899
322 474
322 728
323 5
323 282
324 625
324 713
325 72
325 773
326 673
326 768
327 209
327 485
328 249
328 604
329 71
329 112
330 777
330 874
331 345
331 352
332 460
332 590
333 85
333 624
334 284
334 848
335 71
335 324
336 794
336 966
337 16
337 890
338 460
338 559
339 692
339 911
340 252
340 966
341 356
341 583
342 769
342 840
343 401
343 407
344 369
344 875
345 547
345 787
346 212
346 219
347 93
347 990
348 177
348 593
349 271
349 622
350 853
350 859
351 183
351 759
352 329
352 854
353 103
353 757
354 929
354 965
355 857
355 897
356 536
356 720
357 169
357 265
358 102
358 174
359 303
359 728
360 130
360 514
361 205
361 756
362 179
362 490
363 557
363 851
364 367
364 682
365 49
365 616
366 215
366 409
367 299
367 442
368 556
368 856
369 268
369 623
370 46
370 355
371 441
371 977
372 153
372 353
373 291
373 935
374 140
374 283
375 65
375 840
376 4
376 969
377 776
377 918
378 66
378 479
379 254
379 863
380 591
380 725
381 86
381 142
382 402
382 786
383 480
383 576
384 155
384 615
385 400
385 810
386 558
386 873
387 288
387 351
388 199
388 947
389 192
389 593
390 238
390 462
391 245
391 362
392 853
392 880
393 421
393 598
394 562
394 893
395 108
395 113
396 74
396 160
397 392
397 689
398 646
398 787
399 609
399 811
400 361
400 425
401 431
401 565
402 147
402 704
403 340
403 646
404 115
404 486
405 139
405 198
406 505
406 532
407 147
407 950
408 752
408 936
409 579
409 940
410 195
410 563
411 223
411 973
412 305
412 777
413 258
413 475
414 134
414 626
415 285
415 882
416 24
416 534
417 588
417 946
418 467
418 941
419 301
419 601
420 17
420 434
421 87
421 250
422 515
422 909
423 385
423 409
424 344
424 770
425 708
425 794
426 54
426 823
427 78
427 110
428 431
428 614
429 31
429 236
430 266
430 300
431 518
431 661
432 719
432 975
433 38
433 141
434 377
434 421
435 398
435 886
436 244
436 792
437 155
437 888
438 2
438 77
439 243
439 750
440 36
440 463
441 458
441 677
442 183
442 199
443 203
443 629
444 221
444 793
445 167
445 574
446 82
446 855
447 74
447 513
448 84
448 237
449 13
449 52
450 564
450 997
451 574
451 671
452 32
452 165
453 326
453 751
454 382
454 621
455 149
455 707
456 595
456 800
457 487
457 883
458 139
458 837
459 126
459 974
460 702
460 870
461 40
461 663
462 10
462 408
463 782
463 799
464 654
464 913
465 439
465 657
466 636
466 858
467 339
467 857
468 218
468 720
469 92
469 473
470 213
470 493
471 635
471 932
472 758
472 779
473 648
473 698
474 124
474 263
475 263
475 526
476 597
476 933
477 228
477 561
478 97
478 933
479 401
479 968
480 94
480 905
481 572
481 973
482 128
482 480
483 511
483 710
484 444
484 760
485 690
485 832
486 775
486 972
487 630
487 805
488 522
488 852
489 220
489 236
490 331
490 884
491 72
491 744
492 500
492 501
493 288
493 691
494 333
494 744
495 827
495 962
496 601
496 925
497 665
497 924
498 309
498 687
499 227
499 446
500 772
500 831
501 451
501 495
502 324
502 354
503 517
503 716
504 170
504 466
505 336
505 731
506 462
506 564
507 269
507 332
508 262
508 337
509 254
509 276
510 245
510 316
511 432
511 528
512 498
512 686
513 84
513 715
514 273
514 730
515 7
515 359
516 95
516 916
517 108
517 782
518 85
518 186
519 294
519 549
520 156
520 763
521 363
521 701
522 162
522 862
523 342
523 500
524 138
524 671
525 313
525 965
526 430
526 437
527 45
527 168
528 278
528 725
529 373
529 721
530 445
530 722
531 835
531 995
532 30
532 534
533 718
533 816
534 2
534 597
535 503
535 653
536 584
536 741
537 104
537 137
538 718
538 797
539 587
539 886
540 224
540 535
541 325
541 754
542 131
542 807
543 121
543 602
544 365
544 477
545 384
545 801
546 12
546 712
547 756
547 972
548 596
548 920
549 823
549 863
550 333
550 384
551 126
551 417
552 328
552 424
553 420
553 505
554 633
554 702
555 194
555 812
556 468
556 768
557 389
557 411
558 449
558 631
559 152
559 311
560 338
560 705
561 562
561 640
562 366
562 392
563 4
563 850
564 190
564 889
565 189
565 693
566 528
566 860
567 56
567 106
568 37
568 43
569 432
569 945
570 525
570 895
571 537
571 894
572 815
572 880
573 81
573 218
574 706
574 764
575 716
575 762
576 450
576 774
577 124
577 457
578 180
578 743
579 800
579 815
580 746
580 974
581 411
581 911
582 20
582 656
583 290
583 477
584 181
584 612
585 547
585 806
586 683
586 895
587 57
587 266
588 197
588 232
589 546
589 943
590 679
590 860
591 243
591 992
592 635
592 899
593 251
593 592
594 97
594 655
595 260
595 757
596 584
596 926
597 380
597 515
598 66
598 654
599 145
599 908
600 111
600 270
601 130
601 201
602 202
602 582
603 494
603 843
604 942
604 978
605 171
605 488
606 824
606 896
607 184
607 292
608 24
608 799
609 452
609 844
610 197
610 298
611 51
611 196
612 267
612 928
613 858
613 954
614 374
614 482
615 382
615 798
616 412
616 742
617 184
617 868
618 146
618 981
619 119
619 678
620 48
620 304
621 844
621 923
622 297
622 543
623 356
623 551
624 435
624 540
625 559
625 921
626 560
626 905
627 128
627 287
628 317
628 320
629 335
629 499
630 887
630 993
631 636
631 639
632 839
632 865
633 226
633 512
634 459
634 680
635 673
635 926
636 241
636 261
637 364
637 694
638 525
638 554
639 22
639 833
640 261
640 781
641 377
641 904
642 696
642 927
643 168
643 869
644 206
644 737
645 20
645 142
646 271
646 882
647 259
647 750
648 275
648 990
649 931
649 1000
650 335
650 429
651 491
651 874
652 154
652 307
653 397
653 443
654 954
654 956
655 18
655 394
656 467
656 732
657 389
657 822
658 415
658 652
659 658
659 832
660 590
660 632
661 80
661 89
662 75
662 708
663 729
663 736
664 122
664 233
665 526
665 883
666 30
666 659
667 278
667 550
668 235
668 875
669 11
669 912
670 196
670 258
671 193
671 690
672 259
672 910
673 172
673 630
674 170
674 284
675 417
675 740
676 611
676 795
677 311
677 721
678 841
678 894
679 325
679 464
680 90
680 465
681 578
681 927
682 281
682 648
683 594
683 914
684 957
684 984
685 302
685 374
686 187
686 876
687 318
687 819
688 242
688 623
689 370
689 662
690 931
690 992
691 49
691 446
692 527
692 809
693 286
693 707
694 387
694 910
695 109
695 695
696 359
696 465
697 132
697 542
698 620
698 957
699 809
699 846
700 174
700 544
701 19
701 772
702 575
702 953
703 361
703 817
704 235
704 588
705 25
705 610
706 657
706 784
707 456
707 695
708 247
708 812
709 293
709 664
710 507
710 627
711 116
711 345
712 354
712 639
713 144
713 859
714 763
714 891
715 119
715 272
716 523
716 935
717 490
717 634
718 216
718 223
719 39
719 350
720 330
720 570
721 87
721 454
722 474
722 617
723 322
723 688
724 342
724 484
725 308
725 793
726 273
726 542
727 213
727 706
728 315
728 798
729 3
729 765
730 153
730 907
731 829
731 862
732 78
732 277
733 140
733 189
734 225
734 255
735 393
735 478
736 94
736 675
737 386
737 877
738 131
738 866
739 10
739 790
740 114
740 520
741 177
741 803
742 371
742 703
743 428
743 902
744 553
744 737
745 59
745 698
746 15
746 346
747 454
747 644
748 410
748 520
749 843
749 861
750 640
750 922
751 404
751 643
752 50
752 956
753 499
753 581
754 313
754 670
755 40
755 476
756 195
756 668
757 419
757 745
758 802
758 976
759 169
759 221
760 43
760 120
761 285
761 529
762 62
762 68
763 33
763 407
764 135
764 822
765 44
765 358
766 118
766 484
767 125
767 733
768 158
768 774
769 80
769 492
770 280
770 575
771 552
771 938
772 76
772 586
773 357
773 892
774 129
774 872
775 23
775 406
776 138
776 164
777 350
777 825
778 252
778 336
779 14
779 619
780 310
780 643
781 296
781 948
782 230
782 521
783 166
783 944
784 424
784 522
785 48
785 220
786 7
786 514
787 346
787 469
788 341
788 655
789 47
789 804
790 120
790 372
791 341
791 771
792 222
792 312
793 425
793 845
794 61
794 190
795 98
795 724
796 206
796 210
797 19
797 358
798 26
798 711
799 532
799 829
800 115
800 699
801 75
801 353
802 255
802 321
803 92
803 615
804 37
804 191
805 61
805 418
806 91
806 964
807 161
807 185
808 482
808 715
809 178
809 807
810 222
810 653
811 663
811 884
812 440
812 552
813 436
813 560
814 233
814 672
815 246
815 998
816 667
816 783
817 247
817 658
818 214
818 854
819 625
819 901
820 414
820 645
821 676
821 934
822 202
822 573
823 486
823 988
824 158
824 337
825 415
825 649
826 539
826 688
827 426
827 641
828 509
828 805
829 39
829 873
830 164
830 568
831 570
831 752
832 376
832 963
833 569
833 885
834 329
834 373
835 305
835 453
836 101
836 372
837 237
837 603
838 517
838 592
839 866
839 917
840 689
840 841
841 118
841 580
842 378
842 785
843 50
843 838
844 545
844 606
845 428
845 765
846 306
846 340
847 81
847 366
848 701
848 999
849 612
849 681
850 104
850 669
851 573
851 608
852 279
852 937
853 209
853 609
854 212
854 666
855 249
855 925
856 572
856 943
857 29
857 148
858 556
858 604
859 225
859 826
860 320
860 955
861 69
861 731
862 496
862 900
863 471
863 803
864 656
864 960
865 201
865 210
866 440
866 824
867 106
867 923
868 33
868 60
869 589
869 788
870 68
870 256
871 5
871 198
872 105
872 693
873 303
873 870
874 806
874 944
875 58
875 294
876 893
876 938
877 274
877 481
878 729
878 872
879 109
879 297
880 328
880 1000
881 34
881 543
882 495
882 797
883 507
883 641
884 171
884 481
885 413
885 755
886 444
886 508
887 403
887 902
888 316
888 941
889 930
889 985
890 524
890 842
891 694
891 811
892 878
892 896
893 587
893 685
894 176
894 596
895 338
895 453
896 281
896 378
897 253
897 986
898 326
898 745
899 368
899 770
900 207
900 967
901 188
901 471
902 298
902 647
903 530
903 661
904 397
904 717
905 399
905 987
906 283
906 730
907 102
907 672
908 551
908 595
909 364
909 583
910 439
910 607
911 107
911 723
912 127
912 740
913 160
913 674
914 69
914 921
915 234
915 958
916 143
916 214
917 267
917 735
918 301
918 388
919 29
919 260
920 487
920 511
921 387
921 527
922 12
922 390
923 376
923 379
924 178
924 767
925 103
925 386
926 110
926 352
927 306
927 697
928 6
928 442
929 26
929 35
930 55
930 272
931 250
931 971
932 662
932 969
933 537
933 967
934 472
934 600
935 476
935 989
936 427
936 567
937 264
937 521
938 244
938 524
939 42
939 88
940 327
940 613
941 501
941 622
942 951
942 952
943 753
943 842
944 892
944 955
945 13
945 512
946 200
946 664
947 502
947 735
948 287
948 714
949 45
949 519
950 91
950 151
951 47
951 530
952 18
952 215
953 391
953 429
954 63
954 727
955 82
955 983
956 510
956 558
957 395
957 549
958 293
958 405
959 162
959 414
960 627
960 845
961 58
961 968
962 579
962 850
963 504
963 734
964 65
964 692
965 452
965 761
966 146
966 173
967 141
967 903
968 240
968 769
969 385
969 951
970 676
970 890
971 619
971 855
972 681
972 920
973 38
973 193
974 568
974 924
975 122
975 981
976 1
976 618
977 54
977 192
978 133
978 455
979 741
979 918
980 274
980 864
981 114
981 279
982 413
982 796
983 771
983 836
984 504
984 712
985 684
985 852
986 818
986 876
987 458
987 766
988 56
988 789
989 173
989 473
990 659
990 913
991 371
991 571
992 533
992 856
993 919
993 977
994 217
994 959
995 529
995 907
996 27
996 608
997 479
997 827
998 111
998 545
999 405
999 621
1000 42
1000 90
